sample_idx,true_label,predicted_label,prob_pop,prob_classical,prob_jazz,prob_hiphop,prob_reggae,prob_disco,prob_metal,prob_country,prob_blues,prob_rock
0,1.0,1,0.027248885,0.33195782,0.014611494,0.19238627,0.0038487476,0.090124086,0.030800214,0.06766485,0.0021684002,0.23918927
1,1.0,1,0.015847469,0.33103785,0.066685595,0.19067594,0.005583074,0.21915624,0.03324113,0.042740542,0.007874179,0.08715791
2,2.0,2,0.043177966,0.06033532,0.41473722,0.12638661,0.01690941,0.17259887,0.009405043,0.01996057,0.09109056,0.04539841
3,4.0,4,0.005497231,0.0065520806,0.005144094,0.0003596359,0.93433684,0.0053380807,0.0010789612,0.026486438,0.0010873402,0.014119399
4,3.0,3,0.020433754,0.10250408,0.030934768,0.705645,0.0016743707,0.06484294,0.0095891785,0.0067210547,0.0021020079,0.055552747
5,0.0,0,0.4977613,0.09053861,0.06099139,0.038499158,0.10156847,0.07447581,0.025786314,0.06530985,0.016246555,0.028822599
6,3.0,6,0.011466661,0.028167121,0.0010726445,0.06070134,0.0007288614,0.008439775,0.84030485,0.035112415,0.0012904225,0.012715831
7,6.0,6,0.012853562,0.018084645,0.0010518185,0.021552436,0.0008632592,0.007987117,0.8693349,0.05171473,0.0011784942,0.015379049
8,8.0,8,0.0042794836,0.0015430652,0.028832952,0.003610649,0.0038935833,0.0050855447,0.0010096258,0.0009424171,0.9499051,0.0008976258
9,8.0,8,0.014114378,0.0065793497,0.08074714,0.0069046617,0.08154894,0.022915399,0.0035955058,0.005348612,0.7687369,0.0095091285
10,9.0,7,0.09703876,0.08760251,0.029486839,0.0077709504,0.038151078,0.041818015,0.01787234,0.6233969,0.003185895,0.053676695
11,4.0,4,0.009116454,0.0078383135,0.0065968083,0.0005791544,0.8959971,0.006397097,0.001284122,0.057145394,0.0015870328,0.013458528
12,3.0,1,0.018129395,0.3520526,0.06294692,0.20625335,0.0044581485,0.11389528,0.0350212,0.08664299,0.007216079,0.11338408
13,5.0,1,0.017843995,0.36444962,0.041901562,0.24535365,0.0026287397,0.1458038,0.020805988,0.038598783,0.004838092,0.11777586
14,7.0,7,0.114480875,0.06840007,0.008886825,0.016979424,0.0065591335,0.007261276,0.08218044,0.6092558,0.006228515,0.07976765
15,9.0,1,0.15171279,0.27190727,0.06338847,0.014256188,0.09070094,0.10304534,0.0070905816,0.033708666,0.010176792,0.2540129
16,8.0,8,0.0037980538,0.0014790236,0.034628253,0.0047439286,0.0034454195,0.005881688,0.001154143,0.0009439103,0.9431712,0.0007543653
17,0.0,0,0.4956985,0.024275519,0.014363402,0.009522868,0.02286491,0.011419461,0.026463334,0.36582032,0.0069407406,0.022630908
18,5.0,1,0.025563218,0.26661494,0.00462383,0.18266554,0.003336541,0.117807314,0.114683114,0.07633556,0.0029228434,0.20544708
19,6.0,6,0.016233953,0.13746275,0.0072312485,0.11952469,0.001955095,0.042797074,0.5418988,0.08926607,0.002721358,0.040908936
20,6.0,6,0.014007305,0.031488393,0.0010495505,0.053856418,0.0007398415,0.005953584,0.8300467,0.047254894,0.0011901491,0.014413207
21,7.0,7,0.2099571,0.02878265,0.005729354,0.00579341,0.00855467,0.0040351963,0.024848327,0.65466976,0.003259053,0.05437049
22,1.0,1,0.03936674,0.2736783,0.009621586,0.13460234,0.006285373,0.05643221,0.16759317,0.10475494,0.0063599064,0.20130543
23,2.0,0,0.54728293,0.076425344,0.19638947,0.0163655,0.011815044,0.026922029,0.007077566,0.089303896,0.007124744,0.021293502
24,5.0,5,0.017405953,0.24347834,0.011257544,0.19206159,0.00613137,0.33522153,0.039911713,0.03691534,0.002767687,0.1148489
25,9.0,7,0.10865378,0.046720233,0.0054293857,0.013167454,0.007937782,0.009831821,0.06487812,0.6762882,0.0021697048,0.064923525
26,6.0,6,0.047492895,0.05586593,0.002927347,0.0792063,0.0024357806,0.028766604,0.622626,0.111496516,0.0029114066,0.04627118
27,5.0,7,0.1352663,0.10100977,0.10985205,0.005760782,0.029644916,0.023832293,0.008084395,0.53649354,0.0033301555,0.04672577
28,0.0,0,0.7116305,0.042011373,0.04534259,0.011619469,0.028812688,0.050189883,0.0071699135,0.071459584,0.005312561,0.026451364
29,5.0,3,0.04104155,0.0734036,0.06871274,0.5450223,0.0053507118,0.21537033,0.011690317,0.00526582,0.004304546,0.029838076
30,4.0,4,0.00808403,0.012729826,0.0063675265,0.00052726764,0.91114235,0.010130594,0.0015756472,0.022742912,0.0017305958,0.02496929
31,1.0,7,0.10521601,0.21717738,0.019599015,0.060485464,0.006776281,0.027396016,0.02562433,0.35668856,0.006095245,0.1749417
32,9.0,4,0.051102545,0.11658365,0.049613927,0.0045519657,0.41748407,0.095697396,0.0061325408,0.04010855,0.005100958,0.21362433
33,1.0,1,0.028983233,0.3673577,0.032927368,0.17070329,0.0044360505,0.17747305,0.020169605,0.043635737,0.0060802875,0.1482337
34,3.0,6,0.03992821,0.09050202,0.0061487053,0.08280115,0.0021655997,0.017892694,0.5883702,0.11869451,0.0027047314,0.050792247
35,1.0,0,0.43086115,0.17966186,0.12598893,0.01592825,0.010797828,0.0353656,0.005895321,0.13096923,0.0037998494,0.06073199
36,2.0,2,0.033276886,0.14731956,0.33761328,0.21391796,0.0060747936,0.15921775,0.013530862,0.018839179,0.023974936,0.046234764
37,0.0,0,0.6142087,0.013654455,0.018645864,0.008774914,0.022143314,0.0057126414,0.020097042,0.26237512,0.01763916,0.016748782
38,1.0,3,0.12771605,0.1901883,0.010539695,0.2613533,0.0027927656,0.010853133,0.09032716,0.22566423,0.0038351216,0.076730244
39,8.0,2,0.052071333,0.03769639,0.3663283,0.11469933,0.005958311,0.26648054,0.006171573,0.002625357,0.13703552,0.010933304
40,4.0,4,0.06474092,0.017955085,0.014734644,0.000992766,0.4811832,0.014156166,0.0026203024,0.38323575,0.0033882188,0.016992968
41,0.0,3,0.116511285,0.0853787,0.038589206,0.65154153,0.0017969825,0.041927632,0.013747935,0.02298867,0.0040094247,0.023508515
42,1.0,2,0.049757306,0.050834507,0.37748632,0.086929575,0.018630527,0.1132612,0.008709618,0.021052407,0.22972767,0.043610837
43,5.0,3,0.037481967,0.16468675,0.18107356,0.39089337,0.0036745346,0.14940763,0.0133691,0.014529736,0.005989107,0.03889428
44,1.0,9,0.015717061,0.22670867,0.017986476,0.047520433,0.017556615,0.2625422,0.03633066,0.046338346,0.0081346,0.32116497
45,7.0,7,0.15545623,0.05153569,0.011235281,0.010343502,0.066713676,0.05737856,0.04078765,0.52904445,0.0050278893,0.07247713
46,0.0,5,0.021886365,0.15880913,0.050034706,0.3424657,0.0028475125,0.3743292,0.009654077,0.0060806577,0.0037959397,0.030096745
47,8.0,8,0.011442365,0.0033659122,0.06607762,0.005928496,0.0046247984,0.0075518214,0.0020337687,0.0020023754,0.8954981,0.0014746345
48,4.0,4,0.0070318715,0.012818967,0.0060611498,0.00046287468,0.8985405,0.015164838,0.0021542935,0.02263783,0.0022801412,0.03284758
49,7.0,7,0.39985713,0.04407656,0.024188854,0.007154536,0.040181547,0.029436765,0.013418762,0.40512902,0.0036557745,0.03290098
50,1.0,7,0.112370014,0.13503096,0.15541999,0.007977114,0.16931503,0.054519583,0.007094307,0.29126817,0.0068445606,0.0601603
51,0.0,0,0.7377346,0.04074859,0.03780003,0.006841431,0.01851101,0.018169675,0.00771251,0.08522233,0.008950978,0.038308874
52,7.0,7,0.22745104,0.029128244,0.0053618946,0.0039730635,0.010385475,0.004957289,0.008684227,0.68995523,0.0014513106,0.018652247
53,4.0,4,0.0040630735,0.0054404708,0.0036131295,0.00016666044,0.94921964,0.00650823,0.0007683038,0.014452201,0.0010407922,0.014727516
54,6.0,6,0.03394639,0.17612432,0.0033827303,0.29712877,0.0021616,0.028419299,0.3034768,0.0735341,0.0020376313,0.07978837
55,6.0,6,0.011854723,0.032052062,0.0025733109,0.033946533,0.0010396204,0.011331075,0.8243301,0.05992139,0.0018303165,0.021120904
56,0.0,0,0.34558618,0.10893187,0.019800605,0.015757348,0.022098238,0.051119275,0.04927639,0.15665558,0.024073858,0.20670073
57,5.0,5,0.030912146,0.21563113,0.07606536,0.2533138,0.0045477743,0.32611296,0.010969115,0.01364823,0.010165779,0.05863371
58,2.0,1,0.031041231,0.3615491,0.02858232,0.18302478,0.0038311689,0.10946909,0.016685482,0.040785518,0.0040233675,0.221008
59,5.0,5,0.02764267,0.1815579,0.02593304,0.09363888,0.013184013,0.3626804,0.091723405,0.050613403,0.0054746293,0.14755166
60,6.0,6,0.01914829,0.03159183,0.0012082842,0.039366864,0.0016221551,0.011193473,0.7974878,0.0773272,0.0016435069,0.019410564
61,5.0,5,0.026874684,0.1684092,0.039106395,0.10202471,0.012509618,0.49620697,0.019046193,0.019008223,0.012231779,0.104582205
62,2.0,2,0.09235045,0.034356587,0.5955739,0.13786556,0.0024485418,0.077938415,0.006654018,0.003388945,0.044724025,0.004699539
63,6.0,3,0.03680752,0.077724606,0.0034578417,0.38406268,0.001465085,0.041464444,0.3838721,0.034267064,0.0026265488,0.034252137
64,9.0,4,0.08829665,0.074714586,0.028185172,0.0033397463,0.37521642,0.09403602,0.0041780667,0.1032473,0.0017442829,0.22704175
65,2.0,2,0.024947627,0.033356674,0.52472013,0.08060859,0.007191607,0.26932713,0.0042730044,0.0031952548,0.042963795,0.009416199
66,1.0,9,0.12362275,0.18345295,0.049102556,0.0058081574,0.1235691,0.10792857,0.005077835,0.0802174,0.0031331899,0.31808755
67,0.0,0,0.40737987,0.12819944,0.016458638,0.15000199,0.0058206404,0.04725963,0.041662715,0.081900634,0.008020415,0.113296084
68,7.0,7,0.21316664,0.04443862,0.009471694,0.0123029845,0.005350068,0.004902289,0.030976297,0.59218276,0.0038884003,0.083320245
69,7.0,0,0.41484028,0.05697834,0.17070393,0.029164646,0.08076567,0.12605399,0.010856239,0.07380233,0.025475202,0.011359412
70,4.0,4,0.0043579256,0.006216668,0.0036644444,0.00016124231,0.9513579,0.004856651,0.00058648497,0.014464189,0.0008646811,0.013469751
71,4.0,4,0.0065174843,0.01579756,0.0042971224,0.00040069228,0.9100835,0.010158579,0.0013396177,0.022895455,0.001189887,0.027320137
72,1.0,9,0.21975219,0.23331766,0.05127551,0.010694615,0.033503596,0.06751247,0.006397244,0.08954057,0.005100444,0.28290576
73,3.0,3,0.021453854,0.023254571,0.026218958,0.82506084,0.0009026627,0.08209347,0.008332076,0.0016142994,0.0052556684,0.0058135986
74,8.0,8,0.019913763,0.010721048,0.13898246,0.027620563,0.016535444,0.03416039,0.004715858,0.005520634,0.7329345,0.00889538
75,4.0,4,0.029214954,0.03101788,0.037908766,0.0017675718,0.7048052,0.014645139,0.007972121,0.1268326,0.0087003475,0.037135504
76,6.0,1,0.04349722,0.20711009,0.006584159,0.20710608,0.0038045703,0.06959762,0.1872248,0.11556275,0.0033131242,0.1561996
77,5.0,5,0.028649436,0.2552813,0.034837455,0.1882998,0.0068297656,0.3439113,0.018589318,0.019735107,0.0023707405,0.10149572
78,1.0,7,0.15048434,0.16919442,0.02551632,0.23819304,0.004105694,0.018377163,0.05442401,0.24337733,0.0056921667,0.09063545
79,8.0,8,0.007207971,0.0044159885,0.0708172,0.013182737,0.009338198,0.014002504,0.0024125967,0.0024893067,0.8733161,0.0028174336
80,7.0,7,0.13062732,0.04446291,0.006612327,0.007498878,0.006548368,0.008380927,0.019322114,0.72229165,0.0015865477,0.052669
81,2.0,2,0.03348817,0.05165582,0.42805076,0.18791303,0.006697836,0.24304317,0.0068132905,0.005905303,0.01857781,0.017854739
82,6.0,6,0.009461978,0.040366847,0.0017251783,0.042634103,0.0015233257,0.011809186,0.79093385,0.07359961,0.0016711325,0.026274728
83,1.0,1,0.2288854,0.30816257,0.045680363,0.018827103,0.027557977,0.12591471,0.0065071615,0.04944341,0.0040682326,0.184953
84,9.0,9,0.096067406,0.24845573,0.02185773,0.008617857,0.03660028,0.08915833,0.005519639,0.10277284,0.0016891913,0.38926098
85,6.0,6,0.008266137,0.024441523,0.0018391558,0.0323021,0.0008137023,0.009265662,0.8640201,0.046220414,0.0013501093,0.011481085
86,8.0,8,0.0036301846,0.0016358991,0.042804155,0.0056371,0.003583779,0.0082482165,0.0010944074,0.0009696175,0.93154424,0.0008524253
87,4.0,4,0.0042490135,0.0066274498,0.0034157806,0.00027159767,0.9459675,0.0064423825,0.00089285616,0.016671445,0.0010712905,0.0143906865
88,5.0,4,0.009186307,0.02275535,0.0074072783,0.0006050486,0.8554745,0.015185368,0.0022844567,0.03758807,0.0018616959,0.04765205
89,3.0,2,0.060158744,0.04185637,0.3764276,0.28888834,0.0034706653,0.15806827,0.0071653062,0.0030742877,0.05213728,0.008753146
90,5.0,3,0.08823681,0.07449593,0.07246529,0.38153738,0.0044904198,0.30312243,0.014908965,0.010080995,0.019729985,0.030931758
91,8.0,8,0.0346919,0.00630381,0.079662815,0.010216649,0.016191704,0.012212193,0.006367111,0.009566833,0.82022417,0.0045627733
92,9.0,9,0.12410255,0.17483868,0.072913826,0.007155285,0.14311232,0.13032757,0.0052763964,0.07634524,0.0026561287,0.26327205
93,7.0,6,0.014773586,0.11162718,0.0021130855,0.25435042,0.0017587128,0.020083109,0.46588123,0.061348855,0.0023261793,0.0657376
94,6.0,0,0.56669766,0.040995102,0.10017776,0.04379102,0.019641899,0.016305426,0.051740985,0.08126719,0.05565261,0.023730371
95,5.0,5,0.053086635,0.08341704,0.18923654,0.05828725,0.017677614,0.5005332,0.008254998,0.011509464,0.024592362,0.05340492
96,5.0,0,0.36860633,0.12925142,0.03214894,0.07718618,0.029154107,0.13236928,0.023419207,0.07884721,0.0053980113,0.12361929
97,2.0,2,0.047167808,0.031890795,0.6524253,0.15616955,0.0025798776,0.06490264,0.0042744065,0.0048385807,0.026964344,0.008786679
98,3.0,1,0.04247594,0.24531993,0.031748943,0.17494996,0.0053412747,0.05489659,0.07585943,0.17996791,0.0075395,0.18190056
99,9.0,1,0.022922985,0.3907777,0.040440325,0.15413938,0.003415162,0.08476308,0.04766979,0.083090544,0.00548568,0.16729525
100,8.0,8,0.0039610174,0.0013015829,0.02714885,0.002873769,0.0025698266,0.0035636784,0.00088077615,0.00069630885,0.95637715,0.00062706415
101,6.0,6,0.011954244,0.015962288,0.0012209113,0.01950019,0.0008018087,0.006745554,0.8818833,0.046252504,0.0013533083,0.014325966
102,1.0,6,0.011131145,0.026667926,0.00095084764,0.046695255,0.00095440354,0.010529865,0.84131455,0.04277922,0.0010191869,0.01795757
103,4.0,4,0.022999862,0.038625456,0.032234963,0.0029711549,0.69248146,0.020612843,0.0049250773,0.14541842,0.0043069297,0.035423856
104,4.0,4,0.007049682,0.016800929,0.006394781,0.0005387969,0.8940334,0.014611412,0.0016752961,0.022226984,0.0016353676,0.035033252
105,1.0,9,0.03072017,0.24848421,0.02280535,0.07411511,0.0067836707,0.14464702,0.057476357,0.10794588,0.008335721,0.2986865
106,0.0,5,0.04681542,0.21256621,0.114889875,0.22001916,0.0062545133,0.24086699,0.021628335,0.025044823,0.0072370404,0.104677595
107,0.0,9,0.18103808,0.21916895,0.07964277,0.007973153,0.07719184,0.110206276,0.0058845533,0.061270475,0.0060672783,0.25155666
108,5.0,1,0.021973599,0.27592358,0.02576147,0.111966066,0.009158132,0.24795674,0.0209145,0.059042223,0.0060598115,0.22124384
109,7.0,7,0.10463923,0.025607836,0.023911413,0.0031902487,0.22506979,0.011495964,0.0075737736,0.57484424,0.0029808194,0.020686707
110,8.0,8,0.030173134,0.011720448,0.15201192,0.012988415,0.019806916,0.031074855,0.005641207,0.008042842,0.72126377,0.0072763786
111,6.0,6,0.012564592,0.021090591,0.0012793798,0.021270303,0.0009406304,0.0063577504,0.85433155,0.05543382,0.0013585142,0.025372885
112,9.0,9,0.045187436,0.19291298,0.004510814,0.20251702,0.0054849996,0.05326224,0.12726833,0.07603303,0.004143733,0.28867942
113,8.0,8,0.015674906,0.003665411,0.058517184,0.0067539657,0.0065726256,0.0076054404,0.002918452,0.0038292203,0.892638,0.0018246451
114,6.0,9,0.030756809,0.25049743,0.0150461765,0.12197544,0.0053459606,0.074431956,0.076734945,0.15062957,0.0065682544,0.26801342
115,1.0,1,0.03513103,0.32034442,0.029573353,0.22693233,0.0058066268,0.062325336,0.026164768,0.059525345,0.0061876946,0.22800912
116,9.0,1,0.017913554,0.377568,0.029921265,0.1629626,0.004945245,0.21529157,0.015950054,0.025236515,0.00448167,0.14572944
117,5.0,9,0.017032158,0.2937445,0.0071128383,0.09139871,0.0036201864,0.111305214,0.032423783,0.06593224,0.0035179723,0.37391236
118,7.0,7,0.10805703,0.14087982,0.011830446,0.0347616,0.006018134,0.02170228,0.060233075,0.56099194,0.0026309616,0.05289475
119,0.0,0,0.5066542,0.035390098,0.114661284,0.0073090275,0.019744404,0.010986995,0.0069318092,0.27556026,0.0065125674,0.016249333
120,7.0,9,0.0406164,0.14347653,0.0074507743,0.089983486,0.007226097,0.05076026,0.12580813,0.21192393,0.0057126596,0.31704172
121,8.0,8,0.0033120224,0.0010804283,0.021629235,0.0027603994,0.003292863,0.004700042,0.0007675516,0.0007431094,0.9610005,0.000713842
122,9.0,9,0.040868357,0.29514006,0.00748883,0.15767238,0.0037284931,0.027685218,0.032679338,0.10398542,0.0034095831,0.3273423
123,8.0,8,0.01048744,0.004325405,0.12869805,0.007817521,0.008016543,0.014190878,0.002303406,0.0020816664,0.81987536,0.002203694
124,8.0,8,0.04579778,0.0079005575,0.08870999,0.010476281,0.017461933,0.012217296,0.006092602,0.013008394,0.79444855,0.0038865942
125,1.0,9,0.03413428,0.1588825,0.015480614,0.004676007,0.24205074,0.06495768,0.0062510786,0.18159877,0.0013258448,0.29064256
126,8.0,8,0.0070909993,0.0036545568,0.040486436,0.010922267,0.010741101,0.014737828,0.0022401945,0.0027733473,0.90428394,0.003069378
127,1.0,1,0.018475162,0.3104989,0.0070319124,0.18728872,0.004719114,0.06625606,0.044379827,0.046748977,0.005491332,0.30911005
128,7.0,0,0.2378875,0.14850654,0.10200303,0.020539047,0.037169125,0.12232013,0.018415825,0.13845916,0.01953031,0.15516941
129,9.0,1,0.026205,0.27354774,0.021988746,0.23529796,0.0045089363,0.110577844,0.022867033,0.055889726,0.0036844113,0.24543263
130,4.0,4,0.021724377,0.010796002,0.0130991675,0.0010029166,0.7966306,0.007859479,0.003697587,0.13120607,0.0036407884,0.010343012
131,0.0,2,0.074314356,0.05428044,0.20614319,0.14000162,0.060110953,0.15211885,0.032636434,0.042431645,0.12450634,0.11345619
132,4.0,4,0.0074334275,0.011747401,0.0056098173,0.0002870648,0.91982013,0.008860088,0.001067555,0.023719588,0.0012973639,0.020157505
133,2.0,2,0.015825605,0.017790942,0.82310086,0.040189926,0.002885835,0.06037826,0.001527594,0.0009885272,0.035043642,0.0022688957
134,6.0,7,0.21639346,0.0619736,0.01841106,0.009267628,0.02271349,0.023322003,0.039241888,0.51078653,0.0054797013,0.09241062
135,7.0,0,0.46415302,0.05453148,0.041983295,0.022541525,0.012802711,0.015946867,0.03941686,0.2755591,0.019220602,0.053844463
136,3.0,1,0.031698033,0.23397462,0.012806693,0.13847087,0.0043534064,0.07336338,0.21339163,0.12743792,0.0047777067,0.15972574
137,7.0,1,0.15879199,0.20295191,0.07551451,0.13816264,0.022672182,0.06989193,0.05913282,0.049661383,0.029884955,0.19333562
138,4.0,4,0.011435881,0.032509588,0.010656157,0.0011827601,0.8217754,0.0250459,0.003218471,0.029367225,0.0024435385,0.06236515
139,6.0,5,0.060718328,0.06226268,0.07388889,0.29311547,0.0043001743,0.46651387,0.011519824,0.003678808,0.012250028,0.011751862
140,4.0,9,0.15231416,0.23515832,0.05014334,0.014162011,0.07101431,0.1505621,0.010020697,0.05067602,0.0069292267,0.25901976
141,3.0,3,0.023547197,0.18671302,0.015256315,0.4563823,0.0037493005,0.20798938,0.021122664,0.01709945,0.0019382025,0.06620221
142,0.0,9,0.087261505,0.25352752,0.013559169,0.066447705,0.008545069,0.080215946,0.02065002,0.07846383,0.0039320565,0.38739714
143,3.0,5,0.039095074,0.09926804,0.14159895,0.24557358,0.00776049,0.41560847,0.00869656,0.011719688,0.003745211,0.026934009
144,6.0,6,0.09478544,0.022241727,0.004259206,0.013102248,0.0069482,0.013431972,0.40542373,0.3989414,0.0062739323,0.03459213
145,4.0,4,0.028506162,0.051219825,0.029662833,0.0021592777,0.64724064,0.07018056,0.0047722454,0.05380713,0.005365808,0.10708556
146,5.0,5,0.029851792,0.13036822,0.09807715,0.22361992,0.0055131717,0.43982658,0.010469212,0.00968276,0.012910921,0.039680254
147,5.0,2,0.072498426,0.082077205,0.40827924,0.077680185,0.011432241,0.17007689,0.0101099145,0.01622042,0.11359846,0.038026985
148,2.0,2,0.033612575,0.059976067,0.562988,0.084232956,0.013035728,0.109826095,0.0067234933,0.015281464,0.083907224,0.030416436
149,9.0,9,0.09396724,0.20985036,0.07645817,0.005592457,0.18219611,0.10141697,0.004594278,0.046309114,0.0033650447,0.27625027
150,3.0,1,0.06376061,0.31382132,0.041853935,0.14890565,0.0063242833,0.048894256,0.15204829,0.071383774,0.008762388,0.14424549
151,5.0,3,0.018591639,0.25775278,0.019848587,0.350601,0.005661584,0.13687149,0.031411868,0.019079613,0.0043877107,0.15579374
152,9.0,7,0.25710118,0.111972645,0.010964888,0.0076217246,0.043374788,0.045565397,0.010964184,0.3056707,0.0023067447,0.20445774
153,2.0,5,0.04215386,0.18354915,0.20162031,0.1522362,0.009815228,0.24738583,0.009947929,0.026090944,0.024819199,0.10238131
154,3.0,3,0.05179509,0.14071362,0.006003262,0.39402848,0.0036564772,0.042661276,0.12647134,0.07838154,0.0025880972,0.15370084
155,6.0,6,0.010896895,0.026391357,0.0006322157,0.074643165,0.00059613644,0.0072807116,0.8354502,0.03215048,0.0010513461,0.010907568
156,5.0,5,0.07511792,0.15236294,0.19503151,0.11718346,0.015651492,0.3498025,0.019792123,0.015529505,0.005245724,0.054282784
157,4.0,4,0.015869731,0.056750536,0.030073024,0.0030762888,0.64618635,0.031428244,0.008467297,0.12687898,0.0044639716,0.07680559
158,1.0,9,0.05499486,0.17555909,0.035989683,0.00763019,0.12959097,0.14068615,0.0071308417,0.14319353,0.0019790295,0.30324566
159,9.0,9,0.019218633,0.2109359,0.014344276,0.042724155,0.011090552,0.10445929,0.037509736,0.14087465,0.008879123,0.4099636
160,7.0,5,0.07466708,0.19221063,0.14594336,0.1569173,0.009873851,0.20136923,0.014060372,0.033467416,0.02165855,0.1498322
161,9.0,8,0.009087224,0.004421431,0.054224532,0.007828116,0.019064266,0.019267421,0.0027223234,0.0027544354,0.8763435,0.0042868024
162,3.0,1,0.021536546,0.30197662,0.029023634,0.1798985,0.006715374,0.078102656,0.15181553,0.108039446,0.00834705,0.11454461
163,1.0,1,0.01983066,0.3997359,0.03589359,0.21194328,0.002285833,0.08488961,0.04352438,0.05912266,0.0037014363,0.13907255
164,4.0,7,0.06972742,0.016307889,0.015919501,0.0009012653,0.41773915,0.011180414,0.0026722765,0.44685343,0.0034087533,0.015289984
165,1.0,1,0.035284538,0.27908242,0.009232012,0.159371,0.0033321439,0.051349793,0.10046468,0.10327405,0.0047613936,0.25384802
166,3.0,3,0.018980877,0.17341462,0.036082283,0.36340243,0.003354768,0.29793632,0.021726118,0.022647731,0.0033162388,0.059138637
167,5.0,1,0.014736142,0.2928859,0.00923716,0.11510392,0.011402489,0.22404572,0.039035767,0.028645385,0.0042740675,0.26063344
168,3.0,3,0.005757865,0.05350648,0.008498357,0.8429818,0.0005557406,0.04941441,0.0048148828,0.0033511037,0.0013201652,0.029799167
169,0.0,9,0.13475908,0.16245578,0.11212792,0.008271202,0.15169008,0.13987593,0.005589676,0.053468626,0.007201516,0.2245602
170,1.0,1,0.2562346,0.31831536,0.01901386,0.033972446,0.011021583,0.04392451,0.024000267,0.1434756,0.0025974012,0.1474443
171,8.0,8,0.02263964,0.016145337,0.08126313,0.02823021,0.08350347,0.045521636,0.011371413,0.011459031,0.67718023,0.022685831
172,7.0,7,0.08123972,0.12554221,0.17561506,0.029840307,0.17237529,0.09641559,0.020408507,0.21442764,0.0112258755,0.072909765
173,6.0,6,0.018506847,0.21180634,0.0021242218,0.23574203,0.0029251536,0.027207967,0.23742422,0.04461732,0.0031442621,0.21650164
174,6.0,3,0.015486323,0.1696312,0.0044300375,0.4919805,0.0012509928,0.052494295,0.17254704,0.03162614,0.0019560824,0.05859744
175,0.0,9,0.058630113,0.1860822,0.008938331,0.1305702,0.006508507,0.104037195,0.09270951,0.12475893,0.0028802743,0.28488472
176,4.0,4,0.006210807,0.0135560725,0.005997739,0.0005022621,0.8975819,0.0128090205,0.0019657372,0.02743502,0.0017777442,0.032163773
177,5.0,9,0.14602712,0.16028251,0.09462095,0.010959409,0.077536575,0.16242647,0.009481881,0.04790468,0.0061682938,0.28459212
178,4.0,4,0.010865124,0.018120645,0.015915705,0.0013140125,0.8334259,0.038349666,0.0066011823,0.025232311,0.006899874,0.04327572
179,4.0,4,0.03433548,0.065337166,0.05094385,0.008978072,0.60576355,0.106781594,0.014012138,0.019834112,0.010806382,0.08320766
180,5.0,0,0.22936188,0.21042964,0.05350114,0.012471577,0.04836437,0.17389172,0.008493856,0.057641122,0.003447011,0.20239766
181,3.0,6,0.037080057,0.1738128,0.0032138908,0.22711226,0.0031637712,0.07010112,0.271831,0.0918701,0.0032482138,0.11856682
182,8.0,8,0.0071263975,0.0035183458,0.07087806,0.01120702,0.005760267,0.00993378,0.0022305807,0.002217306,0.8855545,0.001573795
183,8.0,8,0.009531675,0.0048365574,0.064636745,0.01064705,0.015646704,0.01974561,0.0026920934,0.0028108184,0.8649472,0.004505575
184,9.0,9,0.048236743,0.13064802,0.02350681,0.08325229,0.013655601,0.25061607,0.06372,0.06510256,0.009281811,0.31198004
185,2.0,5,0.12699287,0.07571621,0.18184438,0.021083487,0.13320535,0.19808221,0.015242711,0.018449303,0.11957858,0.10980493
186,2.0,2,0.075483486,0.13187914,0.45678023,0.027406259,0.05407157,0.115318015,0.015660949,0.05028621,0.018493248,0.05462081
187,3.0,3,0.018347122,0.08933384,0.005603945,0.7135578,0.0008845082,0.048300203,0.074798666,0.022252157,0.0017018338,0.02522001
188,0.0,3,0.19281545,0.20003363,0.12015148,0.25980017,0.007409178,0.07733334,0.05746055,0.023330228,0.009847523,0.051818416
189,0.0,0,0.7377346,0.04074859,0.03780003,0.006841431,0.01851101,0.018169675,0.00771251,0.08522233,0.008950978,0.038308874
190,4.0,4,0.010865124,0.018120645,0.015915705,0.0013140125,0.8334259,0.038349666,0.0066011823,0.025232311,0.006899874,0.04327572
191,5.0,8,0.06452926,0.037255086,0.10493652,0.019790092,0.100395,0.06882424,0.024560258,0.027435666,0.47842422,0.0738497
192,9.0,4,0.14810307,0.10418521,0.067473456,0.0038769166,0.3199312,0.10472511,0.0037096057,0.10505557,0.0041323,0.13880756
193,7.0,7,0.13018958,0.08550959,0.025209704,0.021668995,0.007122495,0.011396508,0.017615844,0.6531446,0.0036019485,0.044540692
194,5.0,5,0.014121307,0.28542078,0.012971292,0.13519736,0.006398255,0.35338697,0.029555686,0.022590337,0.003910969,0.13644706
195,2.0,2,0.048561696,0.055893876,0.5440344,0.21134074,0.0038212223,0.087016694,0.005132465,0.0059916596,0.020984551,0.017222658
196,8.0,8,0.002903163,0.0009822389,0.018054197,0.0026204253,0.003918992,0.004032671,0.0007977446,0.0006492351,0.9653517,0.0006895206
197,0.0,0,0.40648288,0.084684275,0.011071171,0.052620877,0.016965989,0.031276856,0.047445722,0.14789686,0.010231479,0.19132397
198,3.0,3,0.010545566,0.03192411,0.021378143,0.83612734,0.00086647103,0.077444516,0.005120091,0.0020978001,0.0012942457,0.013201685
199,7.0,4,0.03912298,0.036818076,0.08268436,0.002775139,0.6239635,0.028831512,0.0075365487,0.12559067,0.0110637555,0.041613486
200,2.0,7,0.18704493,0.11899033,0.22883652,0.0066851126,0.10068282,0.03510378,0.006697652,0.25619632,0.0057814894,0.053981047
201,5.0,3,0.050553612,0.14247614,0.017200856,0.32537994,0.0041043987,0.27762914,0.049387872,0.03725888,0.0042391024,0.09177003
202,7.0,7,0.13144985,0.03288056,0.005952939,0.0036104696,0.015032463,0.0075683417,0.005969451,0.7787155,0.0007188309,0.018101633
203,0.0,9,0.09926875,0.18321443,0.0603681,0.006574328,0.1735646,0.09811023,0.005890601,0.044319723,0.006932643,0.32175657
204,3.0,9,0.030493945,0.20177181,0.0026657141,0.230961,0.004084975,0.056966707,0.10227237,0.05369126,0.0032162087,0.31387603
205,2.0,2,0.044729397,0.048978444,0.66384107,0.088570274,0.004228924,0.11563009,0.0067432593,0.0041001006,0.013435602,0.0097428
206,3.0,3,0.01554626,0.090350725,0.038962882,0.694488,0.0018436731,0.103619516,0.009071468,0.006699606,0.0023259483,0.037091963
207,6.0,3,0.021089181,0.22745736,0.008234658,0.3585788,0.0027122798,0.033957724,0.11223115,0.053763717,0.004121938,0.17785314
208,9.0,1,0.028223304,0.38168907,0.016616888,0.14925835,0.0028241703,0.081288606,0.019888114,0.049034525,0.0038612087,0.26731572
209,7.0,7,0.11520221,0.07720949,0.010418863,0.019302575,0.0046234415,0.006642485,0.080301546,0.6037623,0.0045868387,0.07795023
210,8.0,8,0.005361936,0.0015040273,0.027081873,0.0032439944,0.0031998807,0.004565944,0.0011098592,0.0010092955,0.952205,0.0007181272
211,0.0,3,0.11793668,0.21840657,0.053775832,0.4323005,0.002290105,0.05303581,0.033338156,0.029372701,0.00439502,0.05514853
212,9.0,9,0.08526098,0.12836117,0.009435399,0.006630668,0.07887961,0.067984514,0.0124207055,0.18397246,0.0010415703,0.4260129
213,8.0,8,0.04789772,0.014613502,0.21412528,0.026674386,0.013903189,0.02747708,0.0084581915,0.0103367055,0.6271826,0.009331368
214,9.0,1,0.02410706,0.29933736,0.025159894,0.23069772,0.0053146547,0.13065997,0.029929867,0.06495429,0.0035938714,0.18624528
215,9.0,9,0.076965414,0.14138006,0.013415594,0.0061082677,0.12480901,0.057806052,0.009721636,0.18692389,0.0013732184,0.38149688
216,8.0,2,0.013052959,0.016323814,0.8424985,0.06574159,0.0014285832,0.042865563,0.0014748191,0.0012523183,0.013318399,0.0020434684
217,0.0,7,0.28242394,0.025648497,0.007975482,0.008344117,0.007272766,0.0043917224,0.019134987,0.5917421,0.0037497585,0.049316607
218,0.0,1,0.11213291,0.26558745,0.09993218,0.08408812,0.013989714,0.124725066,0.025618022,0.060805965,0.023228064,0.18989252
219,5.0,9,0.084631525,0.13046269,0.03532651,0.020718837,0.06122974,0.19860004,0.023599017,0.12129813,0.0058322432,0.3183013
220,1.0,2,0.07974115,0.09488007,0.33274284,0.0328787,0.035439245,0.32076985,0.0041139033,0.01020648,0.03192049,0.057307288
221,3.0,3,0.023400243,0.12294787,0.038511444,0.5027247,0.0048123873,0.21269168,0.019631686,0.034762356,0.0023925067,0.0381251
222,1.0,9,0.042366117,0.21544892,0.021880122,0.005133553,0.16484524,0.06992851,0.005589896,0.073244154,0.0022188933,0.39934465
223,8.0,8,0.004267683,0.0015295693,0.03051193,0.0037382233,0.0055249045,0.007835891,0.0010245979,0.00083042285,0.94347966,0.0012570212
224,2.0,2,0.0684015,0.048082612,0.43660894,0.12444261,0.021796592,0.14661373,0.014063397,0.026772473,0.06741595,0.04580225
225,9.0,9,0.08319132,0.0792145,0.058417775,0.049931098,0.033091813,0.10223858,0.07648209,0.19638643,0.036517143,0.2845293
226,6.0,6,0.025138397,0.14778754,0.0032318565,0.21737747,0.0016405876,0.010505449,0.42575526,0.09740317,0.002363326,0.06879695
227,7.0,6,0.01727457,0.043882087,0.0014437039,0.09324836,0.0012176925,0.01803306,0.7384675,0.0627248,0.0013584084,0.022349782
228,0.0,0,0.6276349,0.10377377,0.026120618,0.02893631,0.0054929378,0.018981954,0.017288895,0.11198264,0.0153418705,0.044446114
229,0.0,7,0.18863988,0.015466433,0.010361879,0.0022392236,0.050345168,0.004885746,0.010902416,0.69556487,0.0029321862,0.018662196
230,8.0,8,0.0043617636,0.0016270223,0.036911733,0.0036942442,0.004408638,0.0061726337,0.0010521469,0.0010943739,0.9396743,0.0010031018
231,0.0,9,0.10722979,0.16492262,0.13225599,0.013572957,0.102942325,0.12235091,0.009319634,0.08910467,0.009359173,0.2489419
232,0.0,0,0.43703258,0.020911213,0.010747622,0.017030546,0.01194494,0.007676007,0.012937695,0.4345696,0.0055150497,0.041634765
233,5.0,5,0.019883366,0.1270827,0.024726912,0.04708672,0.026373578,0.3076316,0.19067843,0.07339478,0.014710843,0.16843101
234,5.0,1,0.022351714,0.26882532,0.01654188,0.14967102,0.011670834,0.24773347,0.08647892,0.063294806,0.005341587,0.12809043
235,0.0,9,0.05104116,0.2573492,0.0492872,0.10940478,0.007855527,0.13741532,0.023878591,0.075979725,0.010573873,0.27721456
236,4.0,4,0.008541519,0.018824754,0.0059680785,0.0005183527,0.88849515,0.012750661,0.0017109972,0.026646212,0.0014096121,0.035134617
237,9.0,9,0.028455831,0.16167863,0.017333092,0.0070569445,0.20483859,0.08801758,0.014037622,0.09361966,0.0030872256,0.38187483
238,4.0,9,0.14214207,0.20000945,0.062750705,0.029690139,0.04162208,0.21864387,0.012042548,0.043452404,0.0095433425,0.24010347
239,4.0,4,0.006849146,0.0086313505,0.00883653,0.00055590254,0.92681766,0.017276429,0.001740562,0.011723092,0.0017714545,0.015797922
240,8.0,8,0.10661091,0.013793629,0.08256355,0.016676927,0.0633139,0.015820846,0.022859568,0.060953252,0.5790147,0.038392704
241,7.0,7,0.27844858,0.112607524,0.026580866,0.014952086,0.038472723,0.08418878,0.008625235,0.3810023,0.0015838108,0.053538125
242,5.0,5,0.06095033,0.03768253,0.11819454,0.022416985,0.21258791,0.2199739,0.059917107,0.090848394,0.09839161,0.07903669
243,4.0,4,0.008156044,0.0151929,0.009708292,0.0006495376,0.8980651,0.014198832,0.00135373,0.02474679,0.0020281633,0.025900582
244,6.0,3,0.031977255,0.22066087,0.0051409933,0.24185212,0.0037740737,0.04065688,0.19889504,0.07768989,0.0047728647,0.17458
245,2.0,0,0.32282886,0.15657872,0.19696118,0.007815693,0.0340931,0.07600934,0.006278681,0.12468598,0.0056338096,0.06911465
246,3.0,9,0.027947485,0.27346328,0.0035314597,0.25889885,0.0031785367,0.03320178,0.050642833,0.026499467,0.0018324456,0.32080385
247,6.0,9,0.023237623,0.24381308,0.008017762,0.1411381,0.004370071,0.036937907,0.16064139,0.13011877,0.0043763,0.24734895
248,5.0,2,0.041498084,0.026703099,0.44736275,0.119085245,0.0038423701,0.13581699,0.0042933137,0.0027130193,0.21118627,0.0074988315
249,8.0,8,0.007858363,0.0026341064,0.03394289,0.005518955,0.008497901,0.011329307,0.0016546675,0.0016497695,0.92392194,0.0029920656
250,7.0,7,0.08788472,0.030245705,0.0074074278,0.008343961,0.007960747,0.010140761,0.18062001,0.6031738,0.009486763,0.054736108
251,4.0,4,0.021889636,0.1195291,0.012493936,0.0031670611,0.48083743,0.061543282,0.005996343,0.10158066,0.0017584534,0.1912041
252,0.0,0,0.5538381,0.028149717,0.22252122,0.008719023,0.027027214,0.024012646,0.0054711746,0.066310674,0.043161757,0.020788444
253,5.0,5,0.016331712,0.20260866,0.013244838,0.07927784,0.01288596,0.46400648,0.04288746,0.023357602,0.0042796736,0.14111976
254,8.0,8,0.012833323,0.007087819,0.20710018,0.022467732,0.007382642,0.026014691,0.0031536072,0.0030173606,0.70828056,0.0026620722
255,7.0,4,0.109097816,0.016806819,0.020051967,0.0014953315,0.43049517,0.010172432,0.0038209218,0.38792938,0.0047323518,0.015397772
256,6.0,6,0.02030313,0.08870412,0.0032855603,0.125512,0.0019159435,0.03142494,0.56395316,0.12616988,0.002150235,0.036581002
257,2.0,2,0.035722572,0.042028584,0.60421795,0.172304,0.0025541193,0.0954853,0.0037548689,0.0025507286,0.032861494,0.0085203955
258,6.0,6,0.0059763705,0.014225182,0.00072939036,0.030363413,0.0005748324,0.004435435,0.91172236,0.02160374,0.000851759,0.009517512
259,0.0,6,0.12030015,0.042106315,0.008629521,0.0518404,0.0063458835,0.024756825,0.42478904,0.23669146,0.0064925686,0.07804789
260,1.0,6,0.018506847,0.21180634,0.0021242218,0.23574203,0.0029251536,0.027207967,0.23742422,0.04461732,0.0031442621,0.21650164
261,7.0,1,0.19461177,0.22842349,0.15245302,0.0062622856,0.07209985,0.06506393,0.004127038,0.1414878,0.0038240002,0.1316468
262,9.0,7,0.09640753,0.0405273,0.03645007,0.023407636,0.060701355,0.03410681,0.08129374,0.2823767,0.12716435,0.21756457
263,7.0,7,0.30089584,0.078894444,0.019794516,0.014849448,0.007874889,0.010860824,0.017486708,0.49995637,0.003929494,0.045457393
264,9.0,9,0.029313056,0.20998374,0.005311813,0.07893708,0.005526634,0.061086174,0.058841728,0.08314021,0.0054559056,0.4624037
265,5.0,7,0.071333066,0.22443043,0.0964395,0.009724354,0.09128008,0.094965436,0.006929347,0.24514827,0.0028889035,0.15686059
266,8.0,8,0.0031598895,0.0012721135,0.028582666,0.0033870079,0.0037259415,0.005482776,0.00085430883,0.00080613117,0.9519758,0.00075347675
267,6.0,6,0.01374697,0.010317149,0.00093189353,0.018481955,0.0007500203,0.0063837874,0.9009962,0.037551172,0.0012253587,0.00961553
268,2.0,2,0.05273902,0.029790932,0.39142334,0.24608043,0.0037324685,0.21572354,0.0063361046,0.0019459806,0.046336617,0.0058915843
269,3.0,3,0.01663589,0.0938838,0.016045494,0.70491827,0.0011330072,0.11436294,0.011971217,0.00562486,0.0015099192,0.03391461
270,3.0,3,0.01262705,0.13481122,0.008564002,0.63121283,0.0028030088,0.076734945,0.01653351,0.019927459,0.0017896502,0.094996296
271,6.0,6,0.012898837,0.020256007,0.0008497727,0.031290587,0.0009443112,0.008541521,0.85833013,0.045479495,0.0012925187,0.020116873
272,1.0,1,0.030354781,0.34669125,0.016169272,0.15881884,0.0035468556,0.0384979,0.04276946,0.13990726,0.004523893,0.21872044
273,7.0,3,0.018089132,0.2410828,0.005225541,0.28817835,0.002872501,0.0563263,0.14471073,0.091985114,0.0026129612,0.14891659
274,4.0,4,0.003819843,0.005698523,0.0043758624,0.00033677797,0.94298947,0.005361815,0.00087109854,0.02227861,0.0011413498,0.0131265605
275,1.0,2,0.06072377,0.13228619,0.19274738,0.15925673,0.022142652,0.13312413,0.034438957,0.042404704,0.097788736,0.12508667
276,2.0,2,0.020905428,0.02819137,0.75749195,0.07099504,0.0031722325,0.091941305,0.0028828245,0.0025147093,0.015318208,0.006586949
277,3.0,3,0.029003713,0.15064909,0.00535772,0.54960847,0.0014982789,0.011379493,0.14182317,0.053375244,0.0022964913,0.05500838
278,3.0,5,0.048044644,0.03814003,0.25335413,0.111382455,0.01650504,0.43747202,0.0076451246,0.006579366,0.06294637,0.017930886
279,2.0,2,0.022532275,0.028180586,0.74166393,0.11076412,0.0020507968,0.06878337,0.002418175,0.0020942707,0.015364735,0.0061477134
280,0.0,0,0.5091434,0.049956374,0.087907076,0.117240325,0.020841172,0.123214535,0.027471567,0.026695894,0.02371919,0.013810353
281,8.0,8,0.02263359,0.008465251,0.111142404,0.020653067,0.006879438,0.024474928,0.0050952383,0.0058240746,0.79040504,0.00442698
282,3.0,1,0.04124791,0.24587296,0.059808176,0.14993425,0.0064274822,0.11666813,0.05340451,0.12685052,0.008639826,0.19114628
283,9.0,0,0.2847759,0.1401376,0.024506584,0.13936992,0.011933855,0.07938186,0.068908036,0.110237494,0.0057113213,0.13503745
284,2.0,2,0.24618661,0.14230849,0.30365998,0.009596272,0.035361413,0.05186047,0.004822453,0.14139202,0.004916154,0.059896152
285,0.0,0,0.4786792,0.1586378,0.029086867,0.02131652,0.010480423,0.040992934,0.025752759,0.11258022,0.012537753,0.10993548
286,3.0,9,0.052693754,0.17803831,0.0041699205,0.07659813,0.0070776613,0.053773172,0.04618283,0.13024265,0.0035316092,0.44769204
287,3.0,3,0.05678765,0.112685524,0.0033404073,0.6111577,0.0011721739,0.03760076,0.068000674,0.034603216,0.0024492827,0.0722026
288,6.0,7,0.13618684,0.10660573,0.0072359876,0.056868427,0.0056109526,0.014567885,0.15835804,0.41339818,0.0038474048,0.09732057
289,8.0,8,0.008443945,0.004631595,0.10969181,0.01900086,0.0098149525,0.021429487,0.0032381713,0.0034563248,0.8173918,0.0029010812
290,6.0,6,0.006823953,0.014390076,0.0009771808,0.022738757,0.0005203714,0.0052929022,0.90949214,0.029653931,0.0008476796,0.009263058
291,0.0,7,0.21053293,0.11669978,0.055678707,0.015577936,0.026048258,0.04338481,0.022168506,0.35589972,0.004406028,0.14960329
292,4.0,4,0.004767041,0.008506741,0.0037554533,0.00027117017,0.9355943,0.006472908,0.00085954124,0.020855645,0.0009819078,0.017935235
293,6.0,6,0.0070825936,0.014613319,0.0008895817,0.023066558,0.0005648422,0.005943003,0.9056655,0.030021053,0.0008592329,0.011294248
294,0.0,9,0.26318762,0.09439336,0.012145679,0.02370967,0.018836096,0.03542075,0.055066217,0.20885374,0.009413036,0.2789739
295,5.0,4,0.0061654053,0.016086651,0.008131434,0.00058806303,0.8725395,0.012016421,0.0022661723,0.03959944,0.0020276366,0.040579274
296,9.0,1,0.102773875,0.24933483,0.023019815,0.20798013,0.00499433,0.050899506,0.06157955,0.07653853,0.010445145,0.21243432
297,4.0,9,0.130494,0.14154984,0.1129427,0.015587085,0.12674537,0.18500215,0.009439102,0.077171944,0.0064489124,0.19461896
298,3.0,1,0.04820609,0.28976133,0.015942775,0.233282,0.0071129794,0.12560369,0.05032202,0.039464638,0.006261916,0.18404254
299,9.0,5,0.020789351,0.16545574,0.013050885,0.07052999,0.016344724,0.36679065,0.12745695,0.042702008,0.008965736,0.167914
300,7.0,7,0.3970401,0.021077711,0.0058869445,0.003907571,0.016644161,0.0061964,0.009593219,0.5218345,0.0025897492,0.015229687
301,7.0,0,0.40880406,0.04142647,0.008741062,0.025732033,0.0075474093,0.010087717,0.026285179,0.38295132,0.005147073,0.083277665
302,9.0,9,0.19225116,0.19240068,0.0714143,0.0071642916,0.059719592,0.0784255,0.004899472,0.07951872,0.005120329,0.30908602
303,7.0,2,0.1873774,0.21014558,0.22010444,0.16716097,0.008839352,0.05711577,0.028658709,0.06456079,0.0070350175,0.049001977
304,3.0,3,0.009411892,0.05892147,0.0025548101,0.7696406,0.0006238165,0.020881632,0.098389216,0.012237006,0.0013744876,0.025964957
305,5.0,0,0.3743073,0.11113877,0.28961468,0.01753602,0.0150864255,0.07435217,0.005079638,0.037404984,0.015575099,0.0599049
306,4.0,4,0.06582372,0.1128524,0.04996174,0.0038941312,0.38527295,0.06979917,0.0064467406,0.050248526,0.004411379,0.25128913
307,4.0,4,0.020152573,0.051967546,0.01545224,0.0010203688,0.71310914,0.025439054,0.0029176986,0.07188589,0.002589648,0.095465966
308,1.0,9,0.07675352,0.18001452,0.05610559,0.009710819,0.14032474,0.17186326,0.008358781,0.04541686,0.0049085934,0.30654332
309,4.0,4,0.005269093,0.008922978,0.00455267,0.0002485064,0.9274856,0.006437448,0.0010395481,0.024157783,0.0011124408,0.02077392
310,0.0,0,0.3269978,0.15935385,0.25883976,0.026719388,0.014191851,0.06634916,0.008050703,0.07637244,0.0054719457,0.057653125
311,4.0,4,0.0069383928,0.0109450305,0.00691697,0.00031933867,0.9190019,0.007118084,0.0011451843,0.022937458,0.001494605,0.02318305
312,7.0,7,0.08237876,0.23062661,0.007907614,0.07443641,0.0068570846,0.03102159,0.03467029,0.29243487,0.0031613386,0.2365055
313,1.0,1,0.014552847,0.3331886,0.021948524,0.25017422,0.0018681061,0.08850941,0.09876363,0.090707965,0.0056350813,0.0946516
314,1.0,6,0.024356063,0.2361048,0.00738467,0.13497406,0.0030077538,0.041063573,0.26580065,0.13121453,0.003972877,0.15212111
315,1.0,1,0.026691953,0.3086699,0.0070484728,0.28826895,0.0029920049,0.039307304,0.0449687,0.056612466,0.0023787904,0.22306153
316,2.0,2,0.09498952,0.02789422,0.32678846,0.061483774,0.06388216,0.06456016,0.02171339,0.03175743,0.27928677,0.027644156
317,3.0,3,0.013063695,0.055082045,0.019776903,0.83098745,0.0010998736,0.051526003,0.005736367,0.004180827,0.0015819807,0.016964981
318,0.0,2,0.12762281,0.13255513,0.28663388,0.031544816,0.0807612,0.1257977,0.02590608,0.065768525,0.046126876,0.07728298
319,4.0,4,0.0048197135,0.008490393,0.0043365015,0.00024443364,0.9336351,0.006514812,0.0009779918,0.019966131,0.001158976,0.01985591
320,5.0,1,0.041600216,0.28018707,0.040794414,0.27275825,0.007545034,0.11317698,0.05724036,0.040970307,0.009340296,0.13638712
321,1.0,9,0.07167791,0.16988577,0.032124102,0.0066526807,0.16234596,0.18144214,0.00631733,0.060855877,0.0024091168,0.3062891
322,2.0,8,0.0040503135,0.0015197952,0.02889871,0.003114702,0.005154005,0.008043048,0.0009514731,0.0009092528,0.9462063,0.0011524808
323,3.0,3,0.016140508,0.11267141,0.016792536,0.5725077,0.0019712953,0.22132277,0.012363253,0.006067555,0.00177535,0.038387652
324,8.0,8,0.005871989,0.0024374314,0.04551113,0.0055604125,0.0076631047,0.011678835,0.0015132485,0.0017833239,0.91623133,0.0017492801
325,6.0,7,0.13763726,0.06097636,0.029408881,0.064302064,0.013916748,0.049197122,0.2709203,0.275793,0.019326227,0.07852206
326,1.0,4,0.083571725,0.11411079,0.045577656,0.0053474116,0.36440977,0.10145156,0.005972858,0.08712657,0.003171958,0.18925975
327,2.0,7,0.08709721,0.16202684,0.05803494,0.09004619,0.008230659,0.019484753,0.051400583,0.3681225,0.008697404,0.14685893
328,9.0,3,0.04885231,0.22835933,0.09700312,0.25466618,0.00598334,0.18572517,0.018215885,0.057085097,0.006066778,0.098042786
329,2.0,8,0.015696676,0.009004469,0.24016058,0.03190148,0.014504992,0.024152715,0.004769566,0.0049392674,0.65032226,0.004548056
330,8.0,8,0.03233907,0.042179514,0.21835572,0.05999945,0.03005441,0.08508103,0.01009682,0.02439609,0.4376177,0.05988017
331,3.0,3,0.03398415,0.15724787,0.066565484,0.48434654,0.0022520404,0.17166264,0.013306631,0.007208557,0.004333214,0.059092868
332,7.0,7,0.03544878,0.10360325,0.010532321,0.010465459,0.040572632,0.053624876,0.02228385,0.6642241,0.0014681738,0.05777657
333,0.0,0,0.22051482,0.2108979,0.11957223,0.0085915625,0.05575392,0.11491189,0.003861433,0.07765907,0.004056239,0.1841809
334,9.0,1,0.09489154,0.19355974,0.03510666,0.14286914,0.009747694,0.1751461,0.08196108,0.089315474,0.009634075,0.16776855
335,3.0,2,0.03604511,0.053047746,0.3528319,0.3265485,0.004255675,0.19106218,0.0076531665,0.0069741625,0.006231414,0.015350193
336,5.0,5,0.013302819,0.22131705,0.012756263,0.29321742,0.004055633,0.30426985,0.071373805,0.02092061,0.0037432613,0.055043258
337,2.0,1,0.031482827,0.3224993,0.04097397,0.1542771,0.0053636716,0.09734441,0.025196929,0.0780579,0.004855388,0.23994848
338,0.0,0,0.39773244,0.09782774,0.09828058,0.0064629093,0.018434107,0.022534337,0.0042032236,0.3136202,0.0024761478,0.038428325
339,0.0,8,0.062124874,0.05062846,0.22250195,0.13980635,0.017697796,0.16624023,0.01401333,0.01595462,0.25529033,0.055742096
340,8.0,8,0.0061460095,0.0016434849,0.023803085,0.0039699217,0.004616894,0.005593516,0.0012191976,0.0012298598,0.95066154,0.001116522
341,5.0,2,0.030023225,0.07369954,0.30953026,0.21458758,0.009061954,0.3077379,0.009906557,0.016988622,0.0071310294,0.021333382
342,2.0,2,0.031721506,0.09490064,0.41589245,0.088835835,0.0173473,0.15788038,0.009727871,0.020597773,0.11455456,0.048541695
343,3.0,6,0.016130876,0.110332645,0.0017513529,0.2621622,0.0017608795,0.01953249,0.44450465,0.065819964,0.0021256534,0.075879246
344,8.0,8,0.0057705515,0.0013753896,0.025309395,0.003007405,0.006211295,0.0045346804,0.0012765994,0.0010375358,0.95021796,0.0012591608
345,7.0,7,0.2207232,0.022750767,0.0071127876,0.007748138,0.007657983,0.0035992435,0.019437917,0.67736906,0.0029020417,0.030698888
346,9.0,9,0.13248232,0.13583203,0.1060271,0.005805665,0.17207214,0.10888052,0.005198269,0.075134866,0.0052355085,0.2533316
347,7.0,7,0.14992788,0.02119231,0.006335176,0.002960534,0.030998243,0.008522737,0.005475487,0.75575566,0.0008760553,0.017955914
348,5.0,5,0.02948818,0.21946694,0.04367109,0.0841498,0.012351582,0.2488133,0.027141955,0.08740025,0.0104619125,0.23705499
349,8.0,8,0.006097824,0.0021745954,0.043567967,0.007716462,0.0032415055,0.007859998,0.0016776928,0.0012379275,0.925467,0.00095897244
350,7.0,9,0.1173956,0.15603675,0.065288,0.011621018,0.11146595,0.1550846,0.010582808,0.061085243,0.011603048,0.29983708
351,7.0,7,0.07509308,0.162952,0.059887026,0.0078093857,0.053254623,0.039926715,0.010225098,0.42968404,0.004055712,0.15711232
352,6.0,6,0.020748453,0.013630752,0.0010382985,0.0287374,0.00076818594,0.0066320514,0.8744688,0.036289547,0.0012237495,0.016462792
353,2.0,0,0.52075505,0.05334627,0.30150044,0.0145372525,0.011896761,0.036762837,0.004553231,0.02721194,0.012560451,0.016875677
354,2.0,2,0.021849284,0.03269974,0.7205882,0.101519726,0.0051046233,0.0662396,0.0033848227,0.0067600897,0.031113151,0.010740742
355,5.0,7,0.077763975,0.071127884,0.011013759,0.035488956,0.0127004925,0.05676801,0.22513635,0.34454224,0.009077955,0.15638034
356,7.0,7,0.07179439,0.04704407,0.012602196,0.004359687,0.17181036,0.022464963,0.008496081,0.51992774,0.0014342836,0.14006618
357,8.0,8,0.0044211512,0.0011815309,0.018238336,0.0032222723,0.0021713201,0.0038904648,0.00090928684,0.000725565,0.964647,0.0005930439
358,1.0,1,0.053480607,0.3531324,0.058130294,0.18943276,0.008581408,0.23945226,0.028058887,0.015215232,0.0024474438,0.052068714
359,7.0,1,0.13944063,0.25821593,0.014136313,0.16026269,0.0049864254,0.026130019,0.094570324,0.13691987,0.0063520866,0.15898576
360,9.0,8,0.024488686,0.016125793,0.10684251,0.024900276,0.029252153,0.054103807,0.0064469813,0.013196642,0.69885224,0.025790805
361,3.0,3,0.0187579,0.14465784,0.014424389,0.65304404,0.0012129976,0.053769097,0.010359509,0.0087967655,0.0022542742,0.092723176
362,4.0,4,0.08647448,0.092648104,0.046157517,0.003922352,0.32791394,0.09686784,0.008008827,0.11230048,0.0038366194,0.22186986
363,2.0,8,0.016384244,0.007953876,0.14354183,0.017971039,0.013776927,0.013049886,0.0042235525,0.00672845,0.7697543,0.006615877
364,2.0,2,0.29939926,0.045163702,0.5385639,0.014566869,0.01078464,0.02771153,0.003790311,0.032278843,0.02051891,0.007222076
365,8.0,8,0.031468593,0.03574938,0.24636951,0.063378684,0.02452198,0.06371836,0.0073602083,0.013670109,0.47977677,0.033986438
366,1.0,5,0.12738825,0.25797132,0.06294754,0.03568613,0.03169735,0.2912031,0.013123154,0.027178828,0.005190024,0.14761427
367,4.0,4,0.0070498805,0.007846972,0.0060382797,0.00026925924,0.9317889,0.0059592584,0.0008954361,0.019856725,0.0012601231,0.019035177
368,2.0,2,0.04079525,0.089389175,0.31896198,0.17973462,0.009393623,0.2694254,0.007010147,0.011031144,0.028653154,0.045605496
369,8.0,8,0.004022074,0.0019881947,0.068994895,0.0055761356,0.0032181884,0.006773664,0.0012366861,0.00094437023,0.9065293,0.0007165019
370,5.0,9,0.1589857,0.18256572,0.03287188,0.0079521695,0.07696611,0.09009234,0.0071884114,0.1539134,0.0020984388,0.28736582
371,2.0,0,0.37393296,0.0952485,0.2925274,0.008500132,0.017513767,0.028190799,0.0050396984,0.14078908,0.00547509,0.032782596
372,5.0,3,0.08685773,0.1147655,0.07572215,0.3995349,0.0027817094,0.2655747,0.01370663,0.011707385,0.0043088724,0.025040526
373,3.0,3,0.10223555,0.054481793,0.14287303,0.46661633,0.0041541033,0.18897232,0.011975639,0.010560857,0.009270653,0.008859752
374,0.0,0,0.5684721,0.029765932,0.018454144,0.04075767,0.014823015,0.00728926,0.01592281,0.2762293,0.005641504,0.022644369
375,5.0,2,0.17792018,0.13566996,0.28046745,0.1642441,0.008382616,0.1756209,0.01277568,0.018258221,0.007301161,0.019359702
376,2.0,2,0.20551278,0.14473352,0.2691326,0.014615335,0.068694375,0.097124286,0.0035555805,0.026448306,0.008200768,0.16198245
377,2.0,2,0.017451834,0.021526134,0.7554667,0.07381935,0.0045351065,0.08061278,0.0023591858,0.0036900567,0.0333482,0.007190717
378,7.0,7,0.10172598,0.049150188,0.017585017,0.023777427,0.010739679,0.012143282,0.11791511,0.5943562,0.013069168,0.059537932
379,3.0,1,0.039967123,0.32451957,0.02835907,0.2509845,0.0036933974,0.04614955,0.1004018,0.094586834,0.005361619,0.1059766
380,9.0,4,0.018075986,0.039112348,0.013595139,0.001233457,0.7738144,0.02026764,0.0032841864,0.06853367,0.0023245255,0.059758678
381,6.0,6,0.006521831,0.022716777,0.0009319018,0.035470348,0.00065004325,0.0049228,0.8826465,0.033075515,0.001087076,0.011977187
382,7.0,9,0.14442612,0.13829397,0.019269172,0.038165215,0.01703802,0.062294547,0.055329897,0.21721551,0.007931831,0.30003577
383,1.0,3,0.06494279,0.24616532,0.0092960885,0.37433383,0.0031821362,0.12459922,0.052485187,0.018405981,0.0018076069,0.10478179
384,2.0,2,0.018518472,0.024483537,0.73923373,0.047691118,0.0047150757,0.13629328,0.0024772233,0.0019052818,0.018993137,0.005689089
385,3.0,3,0.08498908,0.09937549,0.11213669,0.30089778,0.01913535,0.0867692,0.015062511,0.029866638,0.11022491,0.14154233
386,5.0,5,0.039441742,0.046692703,0.31577313,0.08284225,0.013760257,0.452912,0.00531285,0.00464751,0.025459379,0.013158227
387,8.0,8,0.014708984,0.006039215,0.08637681,0.016571103,0.0065683904,0.028841387,0.0036635157,0.0030248489,0.8301784,0.004027345
388,4.0,4,0.0043189935,0.008058779,0.003966821,0.0002879053,0.9410349,0.00678349,0.0010048915,0.016792271,0.0010564775,0.016695479
389,0.0,9,0.104859844,0.1370975,0.044929422,0.046848983,0.026704658,0.098621406,0.019685492,0.13524988,0.012962358,0.37304047
390,0.0,2,0.11487236,0.11328444,0.24463964,0.03173725,0.0703782,0.20065707,0.014379026,0.044303183,0.03418604,0.13156278
391,2.0,8,0.009249308,0.0044222386,0.17724012,0.011410234,0.017760707,0.015523437,0.0023516903,0.0036099183,0.75513697,0.0032953264
392,5.0,0,0.3357622,0.16058737,0.1831124,0.01308831,0.044640724,0.06946413,0.006687772,0.08993259,0.008110125,0.08861439
393,6.0,6,0.008852833,0.014267123,0.0009990967,0.022108797,0.00061387685,0.0060842475,0.8969094,0.03855141,0.0010611444,0.010552132
394,6.0,6,0.021577122,0.017627392,0.0010834343,0.031472713,0.00090629724,0.006962918,0.86186343,0.044649225,0.0015385357,0.012318949
395,8.0,8,0.004972666,0.0018390324,0.036098838,0.0041379705,0.0061839423,0.0079114465,0.001107024,0.0014088332,0.93487114,0.0014689867
396,3.0,9,0.030365508,0.24168563,0.0039092805,0.19071592,0.0049921605,0.07737022,0.06286199,0.044570018,0.0026649574,0.34086427
397,6.0,6,0.008826831,0.021258093,0.0015764758,0.028977009,0.0008614156,0.0072394093,0.86436695,0.053417206,0.0014901565,0.011986403
398,3.0,9,0.021920063,0.28510186,0.005313663,0.10777854,0.0046942397,0.13527663,0.051073417,0.06241119,0.003323912,0.32310644
399,7.0,0,0.47324723,0.045483124,0.023456778,0.007532357,0.02198544,0.01277656,0.0077122655,0.37627655,0.0028124398,0.02871735
400,2.0,2,0.017416703,0.011943656,0.5298153,0.015860656,0.023549385,0.03635789,0.0037042312,0.0077935606,0.34853277,0.005025801
401,9.0,9,0.14652829,0.21289332,0.051738746,0.04287528,0.027922926,0.14072648,0.016325237,0.051868983,0.016496133,0.29262453
402,4.0,4,0.00477731,0.00505563,0.0046286043,0.00034017544,0.9429979,0.005411208,0.000954336,0.021991363,0.0011066934,0.012736901
403,0.0,3,0.066833906,0.115028575,0.17017424,0.36633185,0.008942316,0.1447615,0.014993742,0.020842351,0.02106179,0.07102976
404,6.0,6,0.004937058,0.014222321,0.0009896756,0.02115416,0.00058015,0.0045197834,0.9106978,0.033607457,0.0008804703,0.00841108
405,4.0,4,0.0065804315,0.011984228,0.0050779674,0.00045936753,0.9228756,0.010052603,0.001390192,0.01723777,0.0014098231,0.022931963
406,2.0,2,0.12829459,0.053689286,0.5703302,0.020565849,0.0378116,0.025753122,0.010024346,0.082611136,0.047334816,0.023585089
407,7.0,7,0.14120145,0.07512996,0.016658105,0.007875166,0.056144375,0.021722669,0.012286677,0.6326006,0.002400252,0.03398073
408,3.0,6,0.033165883,0.1063855,0.007878035,0.14242905,0.0028001226,0.053009253,0.4883317,0.114473954,0.0031880492,0.04833841
409,1.0,1,0.03371174,0.4055804,0.06496094,0.19275634,0.0030496025,0.16487285,0.008340402,0.019249694,0.004821221,0.102656886
410,9.0,9,0.061348725,0.14287049,0.016164377,0.061300922,0.015015951,0.05992775,0.056232862,0.18425444,0.0059546786,0.39692977
411,0.0,0,0.77849686,0.027282462,0.032288525,0.04113154,0.0140443165,0.0393726,0.016080607,0.035466272,0.007657515,0.00817935
412,2.0,2,0.02752324,0.042571574,0.66311896,0.0766146,0.01622026,0.06558892,0.008059947,0.016488643,0.061026376,0.022787504
413,8.0,8,0.00350358,0.0012774315,0.021573877,0.0031606164,0.0042086327,0.0055745197,0.0008994772,0.00084561354,0.958112,0.00084421225
414,6.0,6,0.008346014,0.010718759,0.00093006407,0.014657527,0.0005883755,0.005255047,0.90974003,0.03962733,0.0009813256,0.009155479
415,6.0,6,0.0696447,0.19149296,0.010900576,0.13167009,0.0036348545,0.023262944,0.23319331,0.21884516,0.0052502207,0.11210522
416,7.0,7,0.10463923,0.025607836,0.023911413,0.0031902487,0.22506979,0.011495964,0.0075737736,0.57484424,0.0029808194,0.020686707
417,4.0,4,0.0050133695,0.010494016,0.004481524,0.00034208474,0.92962575,0.00890726,0.001092714,0.017597718,0.0013003988,0.021145197
418,0.0,0,0.4025523,0.048643842,0.20383778,0.03830111,0.019218134,0.042813193,0.04325241,0.037883833,0.13323438,0.030263029
419,0.0,9,0.10282794,0.16962978,0.10004791,0.012036333,0.11464534,0.14927363,0.008495094,0.06434841,0.00741489,0.27128077
420,9.0,8,0.19116698,0.054377995,0.16071068,0.059523728,0.023071164,0.04873286,0.018837553,0.088262774,0.26235265,0.09296361
421,3.0,6,0.056070726,0.13671221,0.004145869,0.22776796,0.001830942,0.018019173,0.4234866,0.09228112,0.0025812062,0.03710421
422,9.0,1,0.18680486,0.19972236,0.012198268,0.1553847,0.004756686,0.023432694,0.036260545,0.19886363,0.004274514,0.1783017
423,8.0,8,0.0065432037,0.0025161388,0.03074991,0.0047633294,0.010429967,0.009160536,0.0016935392,0.0017613397,0.92986685,0.0025152022
424,4.0,4,0.05388856,0.07083482,0.07454277,0.008185944,0.35261962,0.14412916,0.008036093,0.04939292,0.020591123,0.21777901
425,1.0,6,0.03589125,0.09432266,0.0019147443,0.12197458,0.0024925447,0.024158519,0.5865751,0.06513561,0.0024864925,0.065048486
426,6.0,6,0.016909424,0.009341464,0.0010506756,0.015098257,0.00078615244,0.004831751,0.9049875,0.035299413,0.0014620557,0.010233271
427,0.0,0,0.26370585,0.08679591,0.012884456,0.14637336,0.018651595,0.095579,0.11901567,0.12084804,0.007815064,0.12833111
428,6.0,6,0.019667475,0.15551986,0.0032524988,0.18783987,0.0028506431,0.06617266,0.34422728,0.101197496,0.0027451597,0.11652705
429,7.0,9,0.079662226,0.12291901,0.03822452,0.06431531,0.022362022,0.09236718,0.07765207,0.20783083,0.035688672,0.25897822
430,6.0,6,0.01321653,0.11741312,0.0028843498,0.20595369,0.0019531597,0.016092634,0.514474,0.063945636,0.0025709048,0.061496012
431,9.0,9,0.034999464,0.19136962,0.025839956,0.21058263,0.019801555,0.075585246,0.09879762,0.07515884,0.021037905,0.24682708
432,2.0,2,0.20047922,0.17277367,0.24631989,0.019912705,0.022563675,0.12743466,0.015223325,0.11678917,0.0066771014,0.07182659
433,4.0,9,0.073395,0.22268312,0.0622266,0.008445559,0.17211841,0.117995,0.008730642,0.055125564,0.0034756295,0.2758045
434,1.0,2,0.030081319,0.054302443,0.50233537,0.06339762,0.021302972,0.09529923,0.009802168,0.024799364,0.16143058,0.037248906
435,7.0,9,0.09458918,0.23076664,0.009983562,0.057013847,0.008387558,0.048116572,0.024804195,0.12987463,0.005888137,0.39057568
436,1.0,3,0.05073605,0.16346486,0.008000485,0.5665954,0.0014773984,0.07412665,0.03189844,0.0461458,0.0017472442,0.055807635
437,9.0,9,0.020592751,0.22027363,0.017345889,0.061739143,0.014821436,0.17614532,0.037491173,0.09290253,0.006810142,0.35187787
438,2.0,8,0.033980325,0.030973736,0.3320843,0.07220113,0.029524548,0.08744188,0.0077358377,0.01863098,0.35256615,0.034861095
439,7.0,7,0.36598143,0.020723362,0.02729547,0.003242833,0.046596482,0.009100181,0.0065305056,0.49820343,0.004125048,0.018201279
440,1.0,9,0.17032227,0.24475549,0.049746156,0.013574092,0.03775656,0.08951027,0.010207964,0.06762461,0.004881232,0.31162134
441,7.0,7,0.08697311,0.021783292,0.0044788686,0.0029341471,0.009639631,0.003780693,0.007660621,0.84517425,0.00084714516,0.016728224
442,6.0,6,0.009845056,0.0111330375,0.0009896136,0.017150573,0.00064249703,0.0055845706,0.9041511,0.039724622,0.0010774207,0.009701535
443,6.0,6,0.033723336,0.042180866,0.0024132237,0.061346855,0.0019375512,0.022633594,0.6733154,0.10078508,0.002666558,0.058997426
444,0.0,7,0.25912067,0.01783842,0.00828873,0.0034263786,0.019455567,0.003191401,0.015810506,0.6461198,0.004460433,0.022288129
445,9.0,9,0.19262433,0.18328163,0.029066518,0.010495238,0.04545277,0.12220296,0.012832448,0.101761475,0.004673567,0.29760906
446,5.0,3,0.01559683,0.22808425,0.052533075,0.3909108,0.002755904,0.19892085,0.009765503,0.01862227,0.0032350023,0.079575464
447,1.0,3,0.022482054,0.28738165,0.0128541365,0.47549313,0.0013633783,0.026033774,0.025667932,0.018514378,0.0021890732,0.12802047
448,4.0,4,0.058893383,0.13976283,0.045278102,0.0059047625,0.30171064,0.13980564,0.008198579,0.064071216,0.003572196,0.23280272
449,7.0,7,0.24680184,0.11525816,0.010348864,0.00831647,0.028926237,0.035461493,0.012917132,0.4013511,0.0019227215,0.13869599
450,1.0,9,0.114620514,0.18776448,0.115646705,0.007833542,0.100953415,0.14632611,0.005532778,0.074159354,0.004520502,0.24264257
451,0.0,0,0.644013,0.040768273,0.16349126,0.014428904,0.017436424,0.026089767,0.0058885687,0.06515239,0.00911765,0.013613798
452,1.0,3,0.15925035,0.11229755,0.22788744,0.24214149,0.0043152496,0.21394655,0.008060148,0.009856409,0.0037423251,0.018502526
453,0.0,0,0.5091547,0.14063266,0.054721493,0.034073625,0.008550142,0.07388716,0.018085286,0.085183516,0.008033449,0.06767804
454,7.0,5,0.011187636,0.25592732,0.023698278,0.124193214,0.005680927,0.38957667,0.017795457,0.03691623,0.0048075384,0.13021669
455,8.0,8,0.0029075288,0.00088109233,0.015106669,0.0022915767,0.003931973,0.0034420216,0.0008230208,0.0006548153,0.96933895,0.0006222534
456,5.0,3,0.025694082,0.20217314,0.024393791,0.27825752,0.0031703857,0.1607802,0.19521314,0.07427371,0.0031512699,0.03289281
457,6.0,6,0.017493127,0.029266682,0.0010424397,0.042309865,0.0014019568,0.008680749,0.8326346,0.041990776,0.0018537651,0.023326084
458,4.0,4,0.0058092326,0.013917681,0.004545879,0.000339515,0.91840273,0.009900071,0.001052049,0.018522536,0.0010994514,0.026410928
459,3.0,9,0.025564233,0.24205005,0.015084261,0.067445114,0.008843675,0.12695181,0.034769177,0.10095134,0.010918711,0.36742166
460,8.0,8,0.004444929,0.0021737488,0.06912543,0.005097429,0.0055589224,0.0063083363,0.0012110532,0.0013803229,0.90371376,0.0009861698
461,4.0,2,0.19855814,0.16455741,0.3353879,0.07918401,0.010754292,0.10725087,0.014041336,0.03409825,0.008306865,0.047860943
462,4.0,4,0.009151225,0.019761331,0.010208612,0.0006960437,0.8827979,0.014551678,0.0017442522,0.027113724,0.0022209873,0.031754248
463,0.0,0,0.5693786,0.10648595,0.07220864,0.040997427,0.0069324863,0.052056372,0.008530707,0.0389183,0.029890575,0.07460096
464,6.0,7,0.33841023,0.028054554,0.044555068,0.009065676,0.10727419,0.0340165,0.024917237,0.35889003,0.011705089,0.043111354
465,4.0,4,0.0065072672,0.016323542,0.007381542,0.0005569922,0.89603156,0.011981596,0.0018641892,0.02605516,0.0019399064,0.031358235
466,1.0,1,0.020342864,0.3148758,0.005642234,0.12568885,0.0038190666,0.07482918,0.10558854,0.058432866,0.003804751,0.2869759
467,9.0,3,0.020131757,0.26605782,0.003914166,0.29174653,0.0031710125,0.064992055,0.09302274,0.038547,0.0029297047,0.21548717
468,2.0,1,0.042867173,0.24550827,0.077300586,0.15880072,0.007206079,0.06409139,0.09896078,0.15430667,0.0146933785,0.13626492
469,0.0,3,0.08963295,0.12388995,0.08944194,0.3828282,0.006326833,0.21222164,0.017751044,0.032742426,0.0077823857,0.03738259
470,9.0,1,0.03161271,0.25807676,0.03638138,0.09872653,0.015823439,0.22945629,0.021576181,0.05031695,0.005546445,0.25248334
471,2.0,5,0.07202066,0.16722958,0.050598484,0.22666681,0.0114447,0.35114515,0.026873773,0.030813912,0.0025598053,0.06064714
472,5.0,3,0.019947335,0.15718602,0.02936146,0.52525353,0.0018384509,0.18707857,0.020047324,0.007882361,0.0025349846,0.048869982
473,8.0,8,0.00785143,0.0039505293,0.09603877,0.008863956,0.012255512,0.014154778,0.0024331668,0.0023233718,0.85012376,0.0020047666
474,0.0,0,0.48980758,0.18067606,0.100703105,0.036172718,0.00785994,0.072664455,0.012930842,0.049635462,0.005076569,0.044473298
475,2.0,0,0.2618882,0.21784148,0.22722463,0.013039073,0.024611477,0.08217176,0.005468033,0.086235546,0.0034055552,0.07811429
476,2.0,0,0.4978113,0.1641994,0.11910375,0.03208163,0.0071173855,0.04325213,0.011986601,0.06887397,0.0046990803,0.050874718
477,4.0,4,0.020847352,0.03290722,0.014970157,0.0009121584,0.7997893,0.016770616,0.0028552362,0.048088994,0.0027629486,0.060096025
478,4.0,4,0.026324784,0.09420996,0.01084542,0.0029262519,0.5141745,0.07048419,0.0047133607,0.06505265,0.0019281479,0.20934075
479,4.0,4,0.008235923,0.018569509,0.007536284,0.0006497743,0.88275176,0.010678373,0.0020172258,0.03696586,0.0018102794,0.03078508
480,8.0,8,0.010371946,0.0050031575,0.1115321,0.010114235,0.011847268,0.011114258,0.0026398564,0.0028183775,0.8316086,0.002950249
481,0.0,0,0.37319136,0.14545445,0.12950265,0.013206696,0.03299866,0.106396124,0.007693841,0.13922668,0.004199846,0.04812976
482,8.0,8,0.0038410798,0.0011445844,0.02337657,0.0025765458,0.0035148005,0.0035699036,0.00090184336,0.00084851246,0.9595217,0.0007044049
483,4.0,4,0.014874487,0.057124548,0.009268231,0.0014329578,0.6847248,0.032407712,0.00418105,0.07903179,0.0015803727,0.11537403
484,6.0,6,0.021270389,0.05313415,0.003452808,0.048692394,0.0013576966,0.016532948,0.7505167,0.06782886,0.0022411707,0.034972955
485,9.0,9,0.033330217,0.12542015,0.006046294,0.04014426,0.00880753,0.052825846,0.050696228,0.17172535,0.005437092,0.5055671
486,8.0,2,0.018792601,0.015461846,0.840278,0.036947686,0.003136814,0.048098512,0.0015058113,0.0012739475,0.031618267,0.0028864096
487,6.0,6,0.09329617,0.09958446,0.0053557144,0.04957898,0.0062444247,0.02581972,0.33882797,0.26604858,0.00448223,0.110761754
488,4.0,4,0.0059763207,0.00933032,0.0054764766,0.00032098664,0.9361971,0.008065964,0.0010185477,0.015062997,0.0011883589,0.017362868
489,9.0,9,0.07195407,0.11588456,0.059549622,0.015070033,0.10787484,0.16728616,0.015120092,0.07825127,0.0095936,0.35941574
490,3.0,3,0.051867545,0.25604647,0.05435479,0.2695081,0.0063888477,0.2639777,0.030157175,0.024847701,0.0021231098,0.040728547
491,3.0,3,0.01831778,0.07371596,0.026175158,0.8091022,0.00058338523,0.03684142,0.0048380415,0.003752517,0.0022008654,0.024472704
492,8.0,8,0.023119228,0.0150262425,0.21048498,0.043591324,0.021073617,0.034055576,0.0051406007,0.009748552,0.6238877,0.013872185
493,8.0,8,0.0068141366,0.002191714,0.04572005,0.005953522,0.0038769448,0.0071595414,0.0016918142,0.0014005629,0.92425483,0.0009368157
494,8.0,8,0.005045369,0.0014547542,0.024962902,0.0031585863,0.0067283544,0.0044134906,0.0012860231,0.0012133663,0.95048755,0.0012496158
495,5.0,5,0.033773832,0.16610613,0.09826725,0.19763465,0.006452581,0.418514,0.010415308,0.011688996,0.004372916,0.052774306
496,3.0,3,0.023475546,0.20800081,0.026034186,0.32475534,0.002448898,0.18610795,0.105614625,0.04855239,0.004887207,0.070123084
497,4.0,4,0.018889802,0.0129652815,0.012692704,0.00085041125,0.8313107,0.01251665,0.003446819,0.07056096,0.0049434504,0.031823266
498,2.0,2,0.1878043,0.058360826,0.5520856,0.008158833,0.056243688,0.034676593,0.004259958,0.062363125,0.01938269,0.016664436
499,7.0,7,0.057914183,0.06575194,0.007101271,0.0047199936,0.014437115,0.012543953,0.009986644,0.78498954,0.00071833853,0.041836992
500,2.0,8,0.018837018,0.010452675,0.09669744,0.0182853,0.024475522,0.03732604,0.0053198305,0.005180065,0.77208227,0.011343841
501,7.0,9,0.027353976,0.1666777,0.008127666,0.051390514,0.007697211,0.067286044,0.059312467,0.14530604,0.005974607,0.46087372
502,4.0,4,0.019937636,0.038317967,0.031058198,0.0013317249,0.80359536,0.027880471,0.0025816076,0.021226253,0.0044204486,0.04965031
503,1.0,9,0.03781199,0.24641435,0.0062552337,0.12854579,0.0042258683,0.03278969,0.13969189,0.10720923,0.004922316,0.29213366
504,8.0,8,0.007992064,0.0027794242,0.040280223,0.007259053,0.008638456,0.008919622,0.0020284448,0.001957925,0.9178851,0.0022597827
505,3.0,3,0.07177607,0.123571806,0.17374112,0.32991117,0.004927462,0.21488075,0.024678852,0.0071630306,0.019768259,0.029581487
506,3.0,0,0.3997217,0.0696886,0.2920324,0.11664367,0.0034179462,0.07784445,0.0089873,0.013813619,0.011541087,0.0063092564
507,7.0,8,0.16036774,0.083865896,0.1146371,0.05061306,0.060695365,0.10203847,0.02558592,0.061072696,0.18922842,0.15189527
508,4.0,4,0.02891912,0.07309565,0.022903344,0.0015219118,0.62065554,0.03448844,0.0036858865,0.08339333,0.0027394618,0.12859729
509,2.0,2,0.20627798,0.058997825,0.54569864,0.042203996,0.013326602,0.05453508,0.0039090323,0.041094802,0.01842934,0.01552666
510,0.0,9,0.2353369,0.10075746,0.03355907,0.044163775,0.014425423,0.029268779,0.018253328,0.25549918,0.013146098,0.25558993
511,7.0,6,0.030917276,0.096778356,0.007918477,0.086333245,0.0030271106,0.028616654,0.49669826,0.18880957,0.0045736283,0.05632745
512,6.0,6,0.010233578,0.010093189,0.0009929523,0.013676806,0.00068847457,0.0051150816,0.9120602,0.03434493,0.0011580784,0.011636699
513,9.0,1,0.22040737,0.2618309,0.052652445,0.012154333,0.033774942,0.12650234,0.006347161,0.06699313,0.0033520919,0.21598527
514,8.0,8,0.0036654545,0.0017483686,0.0565447,0.0077249864,0.0019071557,0.0064948685,0.0012777306,0.000706035,0.919442,0.00048877316
515,7.0,7,0.32736334,0.043043263,0.017418442,0.014459775,0.03166667,0.023334546,0.012198013,0.49144694,0.0029677707,0.036101248
516,0.0,2,0.169019,0.064703956,0.2871166,0.005436104,0.093792744,0.04061014,0.0052052108,0.27535588,0.011764275,0.046996098
517,5.0,1,0.057794224,0.3988738,0.023172745,0.16612563,0.0044183484,0.10215765,0.030982103,0.03352265,0.0058141043,0.17713872
518,7.0,9,0.05087391,0.24892949,0.01967806,0.006157852,0.10420059,0.07099477,0.0067499746,0.12724128,0.0025018805,0.36267218
519,3.0,3,0.050360717,0.11099492,0.14651214,0.44675106,0.0032108484,0.19032481,0.011662953,0.004391793,0.008911313,0.026879434
520,9.0,9,0.18457057,0.11460799,0.014776907,0.008389996,0.09803531,0.09763116,0.011373082,0.099341236,0.0028021631,0.36847162
521,2.0,2,0.016306253,0.018415745,0.8149656,0.03298581,0.0034420402,0.0859447,0.0017173181,0.0013566576,0.0208238,0.0040420303
522,9.0,9,0.05418075,0.24881408,0.0050934185,0.24251172,0.0038346588,0.045226917,0.05103807,0.06722575,0.0025862898,0.27948838
523,2.0,5,0.040395092,0.07649726,0.24308363,0.16163285,0.010102915,0.42119035,0.0093597155,0.0073349234,0.006332613,0.024070688
524,5.0,0,0.35577556,0.1554808,0.18688086,0.046433654,0.01807324,0.057698596,0.042896833,0.06860708,0.022128185,0.04602518
525,6.0,6,0.015418863,0.058250785,0.0015345908,0.1741377,0.0012453238,0.01109701,0.66087115,0.05265202,0.0016995202,0.023093091
526,6.0,6,0.0696447,0.19149296,0.010900576,0.13167009,0.0036348545,0.023262944,0.23319331,0.21884516,0.0052502207,0.11210522
527,8.0,8,0.028600808,0.010925755,0.070916615,0.026246203,0.025023231,0.026976623,0.008480339,0.016269067,0.76823807,0.018323323
528,0.0,1,0.19827615,0.23260683,0.062206704,0.055528913,0.02027824,0.21964948,0.024171857,0.02935333,0.009810027,0.14811842
529,6.0,6,0.006521831,0.022716777,0.0009319018,0.035470348,0.00065004325,0.0049228,0.8826465,0.033075515,0.001087076,0.011977187
530,6.0,6,0.009136685,0.033476237,0.0012102767,0.054728884,0.0008076469,0.007641434,0.8241455,0.048508286,0.0011437266,0.019201318
531,6.0,6,0.014856017,0.05457686,0.0015891839,0.056518033,0.0014836079,0.015327974,0.7396382,0.07469094,0.00206324,0.039255988
532,8.0,2,0.02605643,0.037472747,0.6368473,0.07952697,0.006788579,0.12264682,0.0036720885,0.0053868373,0.06883302,0.012769109
533,0.0,0,0.6833788,0.03127098,0.01639618,0.027939772,0.0066679562,0.0055537852,0.012192318,0.19304757,0.006245119,0.017307581
534,6.0,9,0.112059146,0.10585763,0.03516312,0.102971755,0.013767162,0.06534543,0.15459634,0.19851767,0.012652289,0.19906947
535,5.0,9,0.018397419,0.24635445,0.01704709,0.043812484,0.012386609,0.24070391,0.026079562,0.051717747,0.0054254984,0.33807525
536,7.0,4,0.03912298,0.036818076,0.08268436,0.002775139,0.6239635,0.028831512,0.0075365487,0.12559067,0.0110637555,0.041613486
537,9.0,9,0.028504558,0.23431619,0.005895187,0.12496904,0.00635608,0.09513073,0.08116481,0.07129194,0.0055530593,0.34681842
538,5.0,9,0.06387334,0.100583665,0.0486402,0.019085633,0.111127265,0.14684306,0.014898125,0.10759153,0.019514428,0.36784276
539,2.0,2,0.0616805,0.05215326,0.6178258,0.10401217,0.0038889751,0.10538094,0.0071531865,0.0035865924,0.03748867,0.0068298574
540,9.0,9,0.087838545,0.1577163,0.052784417,0.0042451844,0.16674615,0.092422076,0.0055923145,0.087824546,0.0034000457,0.34143043
541,8.0,8,0.0081703765,0.0029693672,0.06651632,0.0087769395,0.0058131344,0.011620334,0.0023082918,0.0018612553,0.89066035,0.0013035707
542,2.0,3,0.025249792,0.29973182,0.024037909,0.35201982,0.0025501626,0.15629536,0.060959395,0.019662466,0.0030032562,0.05649005
543,9.0,9,0.090896234,0.29076293,0.039898857,0.018783249,0.036064442,0.08146948,0.010122097,0.08460582,0.003398284,0.34399855
544,7.0,1,0.026440913,0.3685548,0.013235838,0.183671,0.0036814273,0.084575385,0.042838823,0.06013332,0.0052628284,0.21160573
545,9.0,9,0.025709495,0.24088337,0.007267956,0.1250311,0.007136934,0.06690534,0.09357263,0.09183841,0.0053256503,0.3363292
546,7.0,9,0.073937915,0.100520514,0.09835637,0.07649609,0.034849335,0.14438726,0.05439541,0.15456903,0.030066486,0.23242164
547,4.0,4,0.00922853,0.017823638,0.00885514,0.0007074953,0.89438313,0.013522779,0.0019184418,0.025907606,0.0015601323,0.02609306
548,3.0,1,0.046257902,0.2610971,0.008844028,0.16628654,0.0028533272,0.020249024,0.14730297,0.22090448,0.002712762,0.12349181
549,3.0,3,0.04765018,0.24009907,0.0051278034,0.30642387,0.0022147389,0.123905286,0.031234037,0.04533691,0.0015163152,0.19649172
550,4.0,4,0.028091451,0.056429118,0.04013708,0.0041834386,0.69569725,0.06754356,0.008551422,0.035385557,0.007489235,0.056491997
551,6.0,6,0.012190092,0.010323884,0.0009791212,0.01497882,0.0006299953,0.0055856127,0.90442586,0.040421378,0.0011269547,0.009338285
552,7.0,6,0.053562403,0.17605934,0.016591482,0.08911372,0.010743544,0.08581177,0.1989999,0.19604482,0.01517641,0.15789667
553,0.0,0,0.597689,0.14878342,0.045058325,0.032985587,0.0074850256,0.03598262,0.01517947,0.07384779,0.005437486,0.037551228
554,6.0,6,0.025138397,0.14778754,0.0032318565,0.21737747,0.0016405876,0.010505449,0.42575526,0.09740317,0.002363326,0.06879695
555,1.0,3,0.016007774,0.27241707,0.0179756,0.33104074,0.002096709,0.21019676,0.02016716,0.02460912,0.0019327166,0.1035564
556,1.0,2,0.07706585,0.036925305,0.35480553,0.032404426,0.058749862,0.09705516,0.013686428,0.060330216,0.2128517,0.05612551
557,0.0,0,0.6129284,0.036342174,0.014941442,0.020392505,0.009452667,0.0069342833,0.015715001,0.25575632,0.0057529043,0.021784319
558,3.0,5,0.070535436,0.17621931,0.10315772,0.26548028,0.0047623897,0.27425206,0.011208253,0.010910499,0.019768218,0.06370577
559,0.0,0,0.5806991,0.06959147,0.10058181,0.007854131,0.024388889,0.034858663,0.005514523,0.11369596,0.009736803,0.05307871
560,4.0,4,0.05034509,0.10746942,0.035420403,0.005256716,0.37813377,0.12866345,0.005533596,0.06570956,0.0023495837,0.22111844
561,6.0,6,0.015036575,0.027355304,0.0018877733,0.037612677,0.0013984246,0.009670456,0.8253236,0.06306645,0.0016107792,0.017037997
562,8.0,8,0.0112263905,0.004604416,0.110310294,0.0074047204,0.023058658,0.019184805,0.0027717354,0.0035568308,0.81405187,0.0038303314
563,9.0,0,0.37223938,0.15922514,0.050894283,0.042469658,0.01206571,0.20004335,0.023747934,0.047290344,0.0059089875,0.086115204
564,1.0,1,0.040429454,0.25219676,0.0056505916,0.20144694,0.0033520234,0.02450915,0.15260117,0.12726301,0.0034660685,0.18908487
565,2.0,2,0.052553706,0.053148277,0.46643782,0.24711719,0.003988075,0.11307146,0.0061008967,0.0071507804,0.03085357,0.019578245
566,1.0,5,0.025103439,0.28078473,0.07188955,0.20905788,0.003243711,0.31788614,0.01120815,0.012293571,0.003247724,0.06528504
567,9.0,6,0.042866193,0.041153666,0.0018684298,0.08230394,0.0023283397,0.013864173,0.69724375,0.094148874,0.0029209242,0.021301707
568,5.0,3,0.019393045,0.24343604,0.004710568,0.40141395,0.0028191626,0.048389737,0.048693065,0.034535766,0.0024387976,0.19416998
569,6.0,6,0.006340887,0.017042276,0.0008190026,0.02522719,0.0005102062,0.0059717116,0.8992322,0.031446118,0.0007846081,0.012625769
570,9.0,9,0.06921285,0.20440559,0.034792744,0.009514908,0.11497201,0.12950529,0.0061184913,0.052469797,0.0026290067,0.37637925
571,9.0,9,0.036878157,0.14090241,0.007243321,0.058304384,0.009045119,0.050820082,0.056026142,0.1504639,0.004639062,0.4856774
572,1.0,9,0.038103916,0.29479358,0.0062168567,0.11824602,0.0049446365,0.05009428,0.0381435,0.049746834,0.0042337216,0.3954766
573,8.0,8,0.04813803,0.0069966614,0.059067663,0.01012644,0.020165468,0.011604464,0.0057827365,0.014896362,0.81830555,0.0049166665
574,1.0,9,0.1031947,0.18151315,0.03251942,0.006649635,0.1640828,0.10135352,0.0071499427,0.0917131,0.0033095053,0.30851424
575,1.0,1,0.042012867,0.28264618,0.004738975,0.18410322,0.0042718244,0.045861285,0.117285594,0.060985852,0.004239268,0.2538549
576,2.0,2,0.04272637,0.098074526,0.32262203,0.120736234,0.023553936,0.19094314,0.014835553,0.02875393,0.08721378,0.070540525
577,3.0,3,0.019483127,0.1502103,0.007059868,0.6072313,0.0012709665,0.042087343,0.020271221,0.014687442,0.0013023206,0.13639605
578,0.0,7,0.1558835,0.045265455,0.049023032,0.004871245,0.035332378,0.012928277,0.012921887,0.62206393,0.005808462,0.05590187
579,5.0,9,0.083198465,0.12682454,0.018337233,0.019760711,0.06235858,0.22696707,0.01975479,0.062003598,0.0023965125,0.37839857
580,3.0,3,0.030002955,0.12788159,0.01378235,0.664407,0.001264314,0.06815483,0.021586489,0.02754676,0.0017832323,0.04359048
581,9.0,1,0.030772626,0.31792778,0.026820801,0.31075296,0.001990473,0.13426615,0.014059878,0.024629498,0.0020772428,0.13670258
582,2.0,2,0.035552587,0.109784484,0.4159104,0.15344544,0.009467576,0.14522165,0.020606019,0.029512288,0.034866966,0.04563263
583,0.0,0,0.62386113,0.10458204,0.06515407,0.030774252,0.006052407,0.039813723,0.0073201903,0.041714147,0.01580116,0.064926915
584,4.0,4,0.0051870923,0.009076474,0.00471472,0.00034689053,0.93062085,0.007554236,0.0010930703,0.020948192,0.0011653352,0.019293157
585,8.0,8,0.03413115,0.005502633,0.081394516,0.009233813,0.01770608,0.011959131,0.00611928,0.0080846865,0.82074773,0.0051210285
586,6.0,6,0.0060080052,0.017571615,0.0008834434,0.025206763,0.00045757147,0.0047442005,0.90399235,0.031086037,0.00082966354,0.009220413
587,9.0,9,0.018744117,0.25677833,0.0034321805,0.1445355,0.007558527,0.08791912,0.08590638,0.047616713,0.004605836,0.3429033
588,7.0,6,0.018754302,0.030852962,0.0023171797,0.036725987,0.0014125097,0.013229007,0.79134375,0.08109196,0.002160295,0.022111947
589,3.0,3,0.0442826,0.07357428,0.18609852,0.36620402,0.0037325334,0.28533655,0.011986767,0.0044597406,0.010771817,0.013553162
590,7.0,9,0.029490868,0.22535774,0.0104216505,0.086511165,0.0096137095,0.13456136,0.07476315,0.10321427,0.005919339,0.32014677
591,5.0,5,0.02171332,0.20553572,0.017663958,0.06891291,0.024379859,0.304716,0.07649459,0.054583017,0.0092554875,0.21674514
592,4.0,4,0.0085404245,0.009120114,0.0052158125,0.00023508152,0.9144788,0.0067113116,0.0012375339,0.028125517,0.0014595138,0.024876002
593,8.0,8,0.005364126,0.002717966,0.059185766,0.0066092727,0.00641488,0.008495577,0.0013263423,0.0016475851,0.9065397,0.0016987418
594,9.0,9,0.12825856,0.18927407,0.11767172,0.020759806,0.06924458,0.15544146,0.011494048,0.03775089,0.012742181,0.2573627
595,7.0,4,0.021223472,0.03565943,0.018341798,0.0013267077,0.7676064,0.025830405,0.003785042,0.057370532,0.003011147,0.06584512
596,1.0,1,0.061818674,0.28819564,0.011515453,0.23358902,0.0044728634,0.054959413,0.03672605,0.06414252,0.003971808,0.24060862
597,3.0,3,0.04078662,0.3094307,0.050337885,0.33671498,0.00244018,0.098024994,0.011768411,0.027791388,0.0060613896,0.11664346
598,8.0,8,0.0059076725,0.0015825749,0.022644125,0.003757909,0.00654013,0.0053578373,0.001387218,0.0012482932,0.9504456,0.0011287066
599,9.0,9,0.080169804,0.14482354,0.048239812,0.004923904,0.1973742,0.10091761,0.005409632,0.050005857,0.004773924,0.3633617
600,7.0,7,0.26158842,0.07970746,0.075649224,0.014458693,0.07116702,0.033195883,0.0157265,0.34395283,0.006311693,0.09824223
601,2.0,9,0.108654134,0.14356047,0.029048596,0.007074299,0.12118851,0.053585775,0.012222491,0.22837433,0.0027224645,0.2935689
602,2.0,3,0.0288936,0.32818276,0.019659594,0.41191185,0.0013556686,0.048719063,0.06837922,0.023160934,0.0031464542,0.066590816
603,9.0,9,0.02827372,0.22772625,0.0065182936,0.08771453,0.019633261,0.1555896,0.036047146,0.026888464,0.0029903206,0.40861848
604,9.0,3,0.041598205,0.26153204,0.008191339,0.33919817,0.002174095,0.096289106,0.0662021,0.03836897,0.0020463278,0.1443997
605,1.0,5,0.026420396,0.16560711,0.017396854,0.12303888,0.012514021,0.44718003,0.058708526,0.03329811,0.0032038833,0.11263221
606,8.0,8,0.003477185,0.001148319,0.019378552,0.002789794,0.005208463,0.0053348932,0.0009137752,0.00081298355,0.9599494,0.0009865718
607,1.0,1,0.017413642,0.32168376,0.029639106,0.18980442,0.00369503,0.2809135,0.013664292,0.02185403,0.0033272507,0.11800498
608,4.0,4,0.007597165,0.009924625,0.007104027,0.00042392706,0.9244194,0.009064625,0.0014051803,0.020918485,0.0013416638,0.017800942
609,1.0,7,0.13084424,0.10883715,0.012403862,0.0086863525,0.013409837,0.017920345,0.011706402,0.6429259,0.0009895591,0.05227627
610,6.0,1,0.020256849,0.29003763,0.0039160214,0.18140619,0.0034142337,0.093123965,0.08085368,0.049605772,0.002812093,0.27457353
611,7.0,7,0.3212525,0.02500238,0.011349437,0.008666101,0.018779129,0.01019382,0.023783151,0.5234835,0.008226971,0.04926298
612,1.0,9,0.040615834,0.23272973,0.009031615,0.112467825,0.0054181903,0.037762806,0.037160557,0.11088723,0.006242058,0.40768424
613,3.0,9,0.022658022,0.2675632,0.003128367,0.13531934,0.0044474434,0.07279036,0.049320493,0.054335494,0.002846491,0.38759083
614,9.0,9,0.06674118,0.16586271,0.004028847,0.11193136,0.006174014,0.032875855,0.1877844,0.09473204,0.006320357,0.32354918
615,9.0,4,0.03996273,0.09036915,0.040275883,0.003398635,0.4959449,0.0654653,0.0076516313,0.05691329,0.0054559293,0.19456258
616,3.0,5,0.024596,0.0900174,0.0733439,0.3509428,0.0026902962,0.4129287,0.014792143,0.005122701,0.0043469938,0.02121903
617,4.0,4,0.023868669,0.061535124,0.013637414,0.0015658083,0.64737946,0.03679813,0.0034661589,0.06907695,0.0018774223,0.14079487
618,2.0,9,0.11729485,0.1886477,0.094478495,0.007863671,0.100363635,0.11120512,0.005273034,0.04941342,0.005907844,0.31955218
619,9.0,9,0.07222893,0.21967053,0.024536865,0.014515933,0.035612646,0.06578514,0.011623056,0.1455609,0.0038591507,0.40660682
620,5.0,4,0.0367485,0.0852222,0.03259428,0.0044658678,0.6030978,0.06122477,0.007747911,0.04782566,0.0062738024,0.11479921
621,4.0,4,0.044745706,0.098535955,0.016132979,0.003467217,0.46829736,0.052468702,0.00765579,0.09005149,0.0026313204,0.21601348
622,6.0,9,0.026946563,0.2566499,0.0030076741,0.1812969,0.0035114784,0.022503491,0.16857435,0.067754865,0.0033455545,0.26640928
623,5.0,3,0.022222918,0.030252086,0.2696642,0.50911206,0.0023945859,0.14534818,0.004340031,0.0029564968,0.006777526,0.0069318814
624,5.0,4,0.013139714,0.010882069,0.009604647,0.0005912259,0.82462764,0.006310056,0.0024222757,0.108869426,0.0022510712,0.021301934
625,7.0,7,0.1699781,0.11334503,0.02003797,0.008997471,0.11210042,0.091967255,0.008762141,0.39042664,0.0014565988,0.08292838
626,4.0,9,0.10921762,0.1941461,0.028814832,0.008766908,0.12974028,0.12005011,0.007734187,0.10870147,0.0021475442,0.29068094
627,4.0,5,0.119999,0.16142336,0.060186848,0.012012218,0.10084261,0.3501579,0.008398045,0.036752846,0.00802638,0.14220077
628,3.0,3,0.02009544,0.13134146,0.03863028,0.42854857,0.002582995,0.3339306,0.006916475,0.00472913,0.0032541433,0.029970884
629,7.0,0,0.35478798,0.1299052,0.0155382175,0.011866399,0.051067587,0.068819635,0.013038769,0.28844598,0.0022652356,0.06426504
630,8.0,8,0.10966296,0.0072018034,0.0707071,0.010976463,0.09266849,0.02519279,0.01598723,0.058129895,0.5985316,0.01094163
631,6.0,6,0.010914714,0.01343496,0.0012111499,0.02011076,0.00065915106,0.0058935774,0.9031701,0.032233212,0.0011178638,0.011254544
632,1.0,2,0.03248952,0.033300724,0.36449894,0.060720626,0.02480547,0.08813168,0.008201464,0.019968119,0.3364135,0.031469874
633,7.0,7,0.062080827,0.100754365,0.012055719,0.016313897,0.0040519624,0.007186208,0.13364568,0.5739054,0.0041801627,0.085825816
634,8.0,8,0.0051983083,0.0021742836,0.043001577,0.0053467816,0.0064471215,0.00926787,0.0013069885,0.0013288867,0.9244456,0.0014825672
635,2.0,2,0.04397928,0.17571582,0.27210125,0.13387772,0.01202539,0.10251451,0.04776141,0.07592737,0.030187523,0.10590971
636,0.0,0,0.3958581,0.06292299,0.14769264,0.051379826,0.020551782,0.03376013,0.019067349,0.20319135,0.017493458,0.048082344
637,5.0,5,0.021468004,0.23427719,0.03042109,0.25818795,0.0072822007,0.26257846,0.032734733,0.044310782,0.0038974665,0.10484206
638,1.0,0,0.30639055,0.07917176,0.06025486,0.08591912,0.01612012,0.04252661,0.12071189,0.12811096,0.0826235,0.07817059
639,9.0,7,0.22683172,0.07550894,0.09305576,0.050036933,0.020636497,0.029213995,0.04900053,0.2948069,0.04039538,0.120513365
640,8.0,8,0.009318377,0.00343104,0.054168668,0.00583982,0.025079684,0.013586272,0.0024150226,0.0031363457,0.88008696,0.0029377933
641,1.0,9,0.071054995,0.180829,0.023492558,0.008304222,0.03791775,0.062533826,0.008071104,0.16676033,0.0021511842,0.4388851
642,8.0,8,0.0032915936,0.0015932589,0.043623153,0.006907284,0.0036853147,0.0059534344,0.0014531295,0.0009409659,0.9318731,0.0006787306
643,1.0,1,0.13838112,0.24384204,0.14136946,0.015923835,0.037326638,0.15559213,0.010160174,0.14732982,0.0031677058,0.106907114
644,4.0,0,0.35467324,0.14914994,0.19043939,0.1022423,0.008069461,0.03520063,0.008834095,0.09613121,0.0078248335,0.04743496
645,3.0,3,0.04376339,0.1344481,0.037025988,0.43666485,0.00466286,0.26747432,0.033635985,0.009336956,0.0025687933,0.030418761
646,6.0,6,0.013470487,0.02178224,0.0013503022,0.022719856,0.001513781,0.009286339,0.8324916,0.0668951,0.0016955389,0.02879484
647,6.0,6,0.010942542,0.05971447,0.0020696542,0.08238302,0.0014560323,0.01717447,0.7142783,0.088664494,0.0015799382,0.021737112
648,8.0,8,0.0045495685,0.001283829,0.024324942,0.00305041,0.002569048,0.0044908524,0.00089738134,0.0009120687,0.95724106,0.0006809826
649,0.0,0,0.7170297,0.013186399,0.026650071,0.025359724,0.021494763,0.010009467,0.02631184,0.12636061,0.018795345,0.014802043
650,2.0,9,0.05542337,0.20605335,0.04059626,0.006675705,0.14670062,0.13826518,0.0056429273,0.07924251,0.0020579675,0.31934214
651,6.0,6,0.0070872777,0.016336244,0.0008332739,0.03186345,0.0006656789,0.006596047,0.8955541,0.0305551,0.0009135304,0.009595205
652,4.0,4,0.011153435,0.019126333,0.008306698,0.00070375676,0.8783547,0.015289143,0.0021557622,0.029235208,0.0018115296,0.03386346
653,5.0,3,0.018162424,0.28311804,0.013336527,0.30279043,0.0027403387,0.18043476,0.0536957,0.039730437,0.0034086835,0.102582626
654,8.0,8,0.0072964597,0.003977658,0.073759034,0.010663578,0.008475338,0.014326557,0.002005812,0.0020554357,0.8748913,0.002548842
655,8.0,8,0.015882785,0.009215849,0.22092083,0.02053017,0.009316349,0.052319515,0.0029600973,0.0035239414,0.66068614,0.0046443683
656,1.0,2,0.16745242,0.18239243,0.19136007,0.033480484,0.03754425,0.16489342,0.012851082,0.13957739,0.003838669,0.06660978
657,8.0,8,0.015260193,0.012037417,0.16706192,0.02720819,0.01972848,0.02475464,0.0041738115,0.0065930584,0.7141929,0.008989397
658,8.0,8,0.003155309,0.0010795186,0.020749066,0.0025429837,0.0043800296,0.0043025133,0.0008118855,0.00073797494,0.96141696,0.00082373235
659,2.0,0,0.3230968,0.13069133,0.023165444,0.08997152,0.010918118,0.0960406,0.024238234,0.26433712,0.0026942175,0.034846578
660,4.0,8,0.020412205,0.0086791385,0.10528777,0.01607097,0.06618692,0.046562154,0.0069834706,0.007887699,0.7139574,0.007972217
661,4.0,4,0.010257879,0.015697509,0.0083831465,0.0006371716,0.8884243,0.014962287,0.002257307,0.025450693,0.0021024127,0.031827398
662,7.0,6,0.13820499,0.13139604,0.00517146,0.13510682,0.004184826,0.035507213,0.26885915,0.18715471,0.004077368,0.090337366
663,1.0,2,0.25918335,0.11379115,0.34248284,0.04280478,0.012810554,0.05052456,0.007109913,0.10519795,0.009409314,0.05668558
664,5.0,5,0.083902776,0.1088991,0.09402405,0.19710757,0.007528195,0.45986474,0.012059679,0.005572861,0.0077293627,0.023311572
665,8.0,8,0.005449215,0.002019484,0.03066609,0.004334284,0.0064050267,0.008215962,0.0012921937,0.0012870331,0.9388169,0.0015138325
666,5.0,3,0.045607563,0.07043812,0.17775886,0.36842042,0.004544381,0.30067027,0.0073575596,0.006395715,0.0046335883,0.0141735235
667,0.0,9,0.11572407,0.19261086,0.042903207,0.0063297353,0.083380826,0.10696253,0.0062596025,0.082283325,0.003267529,0.36027828
668,0.0,4,0.023962347,0.073476575,0.013506952,0.0011413223,0.5617571,0.039652117,0.0032610877,0.074401595,0.0016354838,0.20720544
669,5.0,1,0.15696162,0.26648098,0.09579119,0.011558701,0.06256521,0.13107526,0.006376454,0.07499487,0.0029651881,0.19123048
670,9.0,0,0.47214428,0.10928843,0.20055449,0.007860273,0.01769833,0.0471777,0.0035071506,0.09460404,0.0055492325,0.041616052
671,6.0,6,0.008804374,0.013913588,0.00087436504,0.024022676,0.00058577466,0.007248793,0.8994552,0.031709865,0.000951525,0.012433771
672,7.0,7,0.2394062,0.13442516,0.04341608,0.016526056,0.0093570165,0.01730963,0.0085764965,0.49639934,0.0025167598,0.03206724
673,6.0,6,0.011443223,0.04655882,0.0019722066,0.08328177,0.0007047605,0.0067982073,0.78398937,0.047023665,0.0014547516,0.01677324
674,6.0,1,0.025005367,0.41479358,0.018194309,0.20226601,0.0022715896,0.06734016,0.084523685,0.081349134,0.003420062,0.10083606
675,5.0,9,0.12680748,0.16443586,0.12018245,0.009309857,0.17045267,0.15657018,0.009646884,0.04314615,0.00835806,0.19109035
676,4.0,4,0.018243551,0.039739083,0.015859757,0.0010796712,0.7663365,0.027510172,0.0033455652,0.041977618,0.0038990825,0.082008965
677,3.0,3,0.049914103,0.040325414,0.09219947,0.5501493,0.0022843583,0.23686084,0.009678671,0.0039966465,0.00649192,0.008099228
678,5.0,3,0.040895626,0.26993787,0.012037973,0.32334295,0.0029149207,0.10773538,0.037331354,0.058518343,0.0016939624,0.14559154
679,5.0,5,0.033406157,0.13819389,0.12713988,0.20854178,0.007149429,0.38703117,0.023436973,0.018798193,0.006548874,0.049753673
680,7.0,9,0.08666841,0.13351429,0.009098085,0.0072170855,0.057959374,0.06389039,0.013431072,0.17032878,0.0013107528,0.4565817
681,3.0,3,0.062600136,0.035185993,0.19661121,0.35983902,0.004003272,0.299793,0.008581316,0.0028588302,0.022610672,0.007916601
682,2.0,2,0.026308134,0.025429051,0.6244235,0.051140353,0.006102656,0.16215833,0.002921923,0.0028508063,0.091624536,0.0070407
683,6.0,6,0.108214356,0.073281325,0.017654564,0.10267434,0.0047652237,0.02136174,0.4810551,0.11307299,0.012558182,0.06536215
684,1.0,1,0.016900403,0.3689594,0.016661044,0.19145407,0.0029624081,0.12409643,0.06707927,0.076999046,0.0034498475,0.13143806
685,0.0,0,0.28955632,0.16916479,0.017918298,0.0139456345,0.02828412,0.118216276,0.015543075,0.08310558,0.005182535,0.25908336
686,1.0,0,0.27371877,0.25692728,0.07349687,0.008856999,0.022767702,0.080221385,0.005363361,0.11929156,0.002904218,0.15645188
687,7.0,9,0.024225954,0.2876893,0.018786138,0.0909312,0.006386575,0.08776559,0.036696944,0.14161392,0.0064753755,0.29942906
688,6.0,6,0.010602693,0.01947811,0.0010804436,0.035009097,0.00064209633,0.0065778573,0.8773233,0.03655392,0.001104988,0.01162734
689,0.0,7,0.09147562,0.1066588,0.007149863,0.02557932,0.00358541,0.006276489,0.08464353,0.61693156,0.0036488108,0.054050542
690,4.0,4,0.037639953,0.051627617,0.06095354,0.003591224,0.58570224,0.048989188,0.005784735,0.07170478,0.0074067484,0.12659992
691,5.0,5,0.016493097,0.22586262,0.021185264,0.23479724,0.005205161,0.34463006,0.021268936,0.02641935,0.0028827821,0.10125546
692,7.0,7,0.14988786,0.0455175,0.007819091,0.0088684205,0.0049622124,0.005627625,0.016799267,0.7258033,0.0017077106,0.033007085
693,8.0,8,0.008009687,0.0032271054,0.089485854,0.008179193,0.0057049156,0.01127628,0.0020265707,0.002031997,0.8685753,0.0014831679
694,7.0,7,0.122560255,0.030825982,0.034956664,0.0041958424,0.26969647,0.02563333,0.007179604,0.481622,0.004302437,0.019027393
695,6.0,1,0.01959669,0.31171408,0.009904122,0.20976754,0.0059476127,0.12214671,0.055173572,0.03586664,0.0034674078,0.2264156
696,3.0,1,0.020336173,0.28597084,0.01572449,0.22995447,0.0035989392,0.27923608,0.025968058,0.02309184,0.003276457,0.11284269
697,0.0,0,0.3376364,0.07638675,0.011261337,0.031846095,0.012396967,0.035234597,0.027390378,0.29706848,0.00703936,0.16373952
698,6.0,6,0.008985174,0.015609387,0.0014193958,0.019139923,0.0008943108,0.007357064,0.8776991,0.05531576,0.0013543065,0.012225629
699,9.0,9,0.014866584,0.24856976,0.009511379,0.0714559,0.0136476625,0.19953525,0.036997307,0.046485376,0.005175091,0.35375568
700,2.0,2,0.0359574,0.055139624,0.39353117,0.3018718,0.0033610845,0.16950195,0.006241588,0.0032742014,0.018816212,0.012304923
701,6.0,6,0.009136685,0.033476237,0.0012102767,0.054728884,0.0008076469,0.007641434,0.8241455,0.048508286,0.0011437266,0.019201318
702,8.0,8,0.004169944,0.0016740763,0.04456468,0.004350578,0.004880692,0.006727507,0.0010983134,0.0009955523,0.9305557,0.0009828608
703,5.0,9,0.022306757,0.15641773,0.0071310108,0.06675461,0.0138119785,0.14911239,0.06521533,0.07217614,0.0053257947,0.44174817
704,0.0,5,0.09266534,0.08846949,0.2356068,0.1629372,0.009136388,0.36994347,0.00779089,0.01084854,0.006843416,0.015758429
705,5.0,5,0.021773681,0.2498856,0.036798112,0.21352816,0.0063646175,0.26253688,0.031400025,0.029639961,0.005813005,0.14225996
706,0.0,4,0.07778956,0.07578976,0.083455764,0.0075343614,0.4553855,0.06743163,0.010761949,0.068019815,0.011718304,0.1421133
707,4.0,4,0.028845219,0.08025873,0.0141005535,0.0030296184,0.5273202,0.07747218,0.0053268145,0.049339533,0.0026045232,0.2117027
708,0.0,2,0.14915976,0.121291906,0.19291838,0.009227473,0.10938185,0.14028803,0.0071791466,0.12673804,0.010120372,0.13369505
709,0.0,0,0.58164155,0.03200259,0.021230983,0.018483633,0.008306908,0.009413019,0.011656476,0.289838,0.0045835683,0.022843162
710,6.0,9,0.026072986,0.22031496,0.0033496995,0.16570881,0.0044403775,0.08550437,0.18247609,0.07678332,0.0038968432,0.23145252
711,5.0,2,0.023177098,0.025504421,0.47488657,0.12958936,0.005574075,0.28663883,0.004204281,0.0021880986,0.041256733,0.0069805337
712,3.0,6,0.08904287,0.20814393,0.011108017,0.17504057,0.0028314334,0.018291498,0.31177482,0.12484896,0.004460558,0.05445732
713,7.0,7,0.078327134,0.07136056,0.006822413,0.0038842976,0.017855326,0.011564079,0.0109522,0.7136993,0.00066492526,0.084869705
714,9.0,1,0.030847717,0.32940763,0.033917166,0.16283467,0.0039654914,0.15490521,0.014281265,0.05244463,0.0048832833,0.21251288
715,3.0,1,0.09130277,0.26965812,0.045082457,0.20421974,0.009345933,0.061978042,0.036724973,0.08810141,0.008989856,0.18459676
716,6.0,6,0.021270389,0.05313415,0.003452808,0.048692394,0.0013576966,0.016532948,0.7505167,0.06782886,0.0022411707,0.034972955
717,9.0,9,0.14036606,0.16241647,0.10226809,0.011522071,0.11654559,0.16505285,0.008600093,0.05252357,0.0055413214,0.23516382
718,0.0,0,0.7115827,0.011425317,0.02692663,0.01680485,0.02808831,0.010754256,0.013081672,0.16042225,0.011024429,0.00988965
719,6.0,6,0.008023833,0.021587275,0.0014088128,0.03467822,0.0008457288,0.007817633,0.8764119,0.036212265,0.0013451533,0.011669031
720,1.0,1,0.028673911,0.37803724,0.015247416,0.27750957,0.0018578228,0.058108244,0.025687683,0.03457009,0.0021629971,0.17814505
721,0.0,4,0.022965074,0.09152421,0.020425064,0.0028259966,0.56816304,0.057052273,0.0056029544,0.07379432,0.0029290793,0.15471797
722,2.0,2,0.0218424,0.027406927,0.74591357,0.10742484,0.0020892147,0.0691196,0.0023803806,0.0020878753,0.015670454,0.006064728
723,6.0,6,0.014856017,0.05457686,0.0015891839,0.056518033,0.0014836079,0.015327974,0.7396382,0.07469094,0.00206324,0.039255988
724,1.0,9,0.054193147,0.17897359,0.0040184134,0.10744239,0.006478034,0.060167667,0.056142684,0.09218977,0.0032478308,0.43714643
725,2.0,2,0.029614279,0.022266796,0.7622153,0.08703917,0.0027704628,0.054790758,0.0027419294,0.0026363307,0.028570525,0.0073544644
726,4.0,4,0.008414228,0.010206196,0.0053881314,0.00024875125,0.910836,0.0069748387,0.001271573,0.028443098,0.0014333826,0.026783982
727,1.0,9,0.019402644,0.26578006,0.0050657727,0.10215653,0.0063408073,0.08974631,0.09599296,0.0896612,0.0049870545,0.3208667
728,9.0,4,0.034228556,0.10778407,0.020658499,0.0031808303,0.4410161,0.07145793,0.005325857,0.09075444,0.0024474366,0.2231463
729,4.0,4,0.011702214,0.016661108,0.008085816,0.00065716915,0.86898065,0.016934002,0.002392862,0.024063168,0.0029379646,0.047585104
730,9.0,9,0.10862599,0.16468182,0.090232514,0.011920163,0.14241372,0.1343458,0.0088798795,0.044240844,0.008571261,0.28608802
731,4.0,4,0.009215885,0.020741384,0.0071655884,0.0005356516,0.8593317,0.011698547,0.002275806,0.048080567,0.001812188,0.039142624
732,0.0,0,0.4647524,0.1025707,0.29329133,0.038418334,0.0053568995,0.020979658,0.005164888,0.040189113,0.009094306,0.020182287
733,7.0,7,0.28775835,0.07707409,0.010356647,0.05765138,0.0098635,0.01838144,0.037798945,0.37986448,0.0040305746,0.11722059
734,3.0,3,0.037696462,0.24712566,0.049455557,0.28935504,0.005026429,0.13884597,0.043684244,0.07889475,0.0044976487,0.10541828
735,0.0,7,0.09879044,0.16528864,0.009404881,0.0665815,0.0069959783,0.02852188,0.068028964,0.31351757,0.004112215,0.23875795
736,3.0,3,0.012564596,0.10622054,0.016462483,0.70719886,0.0018290358,0.07418244,0.0068737194,0.006327891,0.0024108568,0.06592961
737,8.0,8,0.0028704694,0.0010947222,0.028809205,0.0033485799,0.0027933563,0.004357077,0.00077429466,0.0006905393,0.9546872,0.00057454134
738,3.0,3,0.034357127,0.20030603,0.13378055,0.3841151,0.004068492,0.16305906,0.024310442,0.009303292,0.008581339,0.038118593
739,9.0,9,0.020592751,0.22027363,0.017345889,0.061739143,0.014821436,0.17614532,0.037491173,0.09290253,0.006810142,0.35187787
740,4.0,4,0.008610912,0.021924859,0.008880888,0.0007580353,0.87174845,0.019983763,0.002086409,0.02281739,0.0024631757,0.04072619
741,8.0,8,0.0027999848,0.0008570495,0.017110536,0.002257875,0.0036889827,0.003956916,0.00071061315,0.00055938895,0.9674039,0.0006547917
742,3.0,5,0.09895193,0.14123999,0.18007776,0.13819753,0.014000151,0.2003082,0.020608444,0.03995334,0.049784224,0.11687841
743,0.0,2,0.040690184,0.019189866,0.4366504,0.050466683,0.02653634,0.054187424,0.0116308145,0.0229838,0.31464314,0.023021327
744,3.0,9,0.07435766,0.2017301,0.0045169955,0.15264522,0.005877336,0.05703285,0.17627916,0.08362592,0.0041527417,0.23978193
745,8.0,8,0.16400868,0.012266334,0.06625629,0.01780339,0.047009535,0.0071035116,0.046224825,0.06467974,0.5416236,0.033024035
746,6.0,6,0.017493127,0.029266682,0.0010424397,0.042309865,0.0014019568,0.008680749,0.8326346,0.041990776,0.0018537651,0.023326084
747,6.0,6,0.009925188,0.010537852,0.0009606744,0.01722795,0.00067419733,0.0046095485,0.91050595,0.035374045,0.001162231,0.009022343
748,8.0,8,0.0049052224,0.0008947154,0.014286534,0.001977508,0.0029017532,0.002311131,0.00091399497,0.0006713957,0.97056514,0.00057266536
749,2.0,0,0.40320542,0.09187307,0.24029505,0.030402128,0.025299294,0.055359304,0.022056425,0.044941902,0.046489146,0.040078282
750,4.0,4,0.07544255,0.03740916,0.08495859,0.00719855,0.45488387,0.052759048,0.01287954,0.04156171,0.17711736,0.05578964
751,7.0,6,0.01829114,0.037339244,0.00092084246,0.10752251,0.0010389669,0.010616698,0.76372313,0.042920545,0.0014309167,0.016196012
752,0.0,5,0.08656695,0.10772271,0.08374028,0.14749679,0.033390224,0.38084587,0.030820807,0.030582635,0.008578897,0.09025486
753,0.0,9,0.106832206,0.13728891,0.011541612,0.057507165,0.013987081,0.065157756,0.039384805,0.17070298,0.0045176996,0.39307976
754,7.0,0,0.32140836,0.16248374,0.022813722,0.0067391125,0.039251506,0.06910377,0.009218212,0.15400513,0.004283187,0.2106933
755,2.0,9,0.067416035,0.18940485,0.046560504,0.0064988504,0.13753276,0.13670218,0.006436353,0.06656664,0.003126099,0.3397558
756,4.0,4,0.0087701045,0.01629505,0.009848117,0.00066912035,0.8927946,0.01479273,0.0014606976,0.025004646,0.0021379765,0.028227009
757,2.0,2,0.099724226,0.05890081,0.43683845,0.041060742,0.042110242,0.15367322,0.013554087,0.05526305,0.06442567,0.034449495
758,7.0,7,0.12025616,0.02964913,0.0049489927,0.0058011776,0.009986944,0.007044554,0.018984998,0.7727546,0.0010996823,0.029473823
759,7.0,9,0.17224365,0.06205358,0.092490405,0.03858441,0.042530097,0.07046271,0.03564661,0.14712149,0.15905264,0.17981437
760,8.0,8,0.005011181,0.0012981147,0.022328822,0.0030086518,0.00407974,0.0049577914,0.0010840943,0.00095617166,0.95644677,0.0008286427
761,2.0,2,0.023031378,0.022421887,0.6425589,0.04516377,0.006063509,0.09088433,0.0023224913,0.0026139342,0.15999517,0.004944596
762,5.0,5,0.07886044,0.05890473,0.21034585,0.124671794,0.0072961,0.37330273,0.010310571,0.00500634,0.1090375,0.022263985
763,4.0,4,0.013653917,0.01680589,0.009386845,0.0009870708,0.76868033,0.010444584,0.004346794,0.1388489,0.0026644256,0.034181233
764,5.0,9,0.1270077,0.18436867,0.10958619,0.013799838,0.13232738,0.13478976,0.008503427,0.045893077,0.013299019,0.23042499
765,9.0,9,0.10378219,0.123664126,0.016664455,0.0046092626,0.10785785,0.048136044,0.008603004,0.15689251,0.0018549932,0.42793554
766,3.0,7,0.075127184,0.15525906,0.14309117,0.15166768,0.015688548,0.05674768,0.060379237,0.16413626,0.022992466,0.15491067
767,0.0,9,0.11310803,0.08715914,0.12803769,0.07928287,0.03356348,0.07386812,0.025291273,0.105138995,0.116914615,0.23763576
768,6.0,6,0.0133340405,0.04177414,0.0010198721,0.115239106,0.0009938692,0.011652356,0.74795514,0.048330892,0.0012040741,0.018496547
769,9.0,9,0.040986683,0.19629115,0.011300449,0.064845175,0.0076394514,0.053011827,0.05292317,0.16098182,0.007877065,0.40414315
770,3.0,3,0.036662307,0.19046319,0.0076779253,0.50605947,0.0016334304,0.03678495,0.1019854,0.04165976,0.0023851849,0.074688286
771,8.0,8,0.006862684,0.0022298174,0.050852492,0.0033899623,0.01401491,0.007399114,0.001410946,0.0013011689,0.90991604,0.0026227608
772,1.0,1,0.025202805,0.28699926,0.027713925,0.16435538,0.005844921,0.23681483,0.021722615,0.046409104,0.00485337,0.18008378
773,1.0,1,0.021295728,0.37043044,0.00977387,0.10380068,0.004057568,0.08360557,0.021070661,0.062170934,0.0042698784,0.31952462
774,9.0,7,0.09042927,0.097561896,0.020076891,0.092851505,0.009053279,0.02006799,0.18315996,0.36127704,0.008462027,0.11706015
775,3.0,3,0.039277412,0.10581407,0.051517535,0.44134456,0.0028068605,0.3112125,0.010207211,0.009078735,0.0029558556,0.025785342
776,3.0,2,0.02566127,0.024251161,0.6213454,0.14545065,0.004107939,0.12123874,0.0033214148,0.0034581248,0.04158344,0.009581858
777,4.0,8,0.009941924,0.003978143,0.06555361,0.00924635,0.04068458,0.016805854,0.0034249742,0.003467004,0.8413693,0.005528305
778,5.0,5,0.09095798,0.07909494,0.13672349,0.0204616,0.12418618,0.25909537,0.036974464,0.14099616,0.024365244,0.08714461
779,5.0,9,0.08148591,0.16172227,0.012749992,0.005395365,0.10116777,0.06165638,0.007888845,0.16344458,0.0014098563,0.403079
780,9.0,3,0.042711016,0.24160947,0.008556429,0.42096972,0.002388797,0.05718841,0.028011756,0.030028207,0.001886301,0.16664985
781,9.0,9,0.04141157,0.14375113,0.010631148,0.08642339,0.008333905,0.0806715,0.07487926,0.11950015,0.0046747983,0.4297231
782,3.0,1,0.027197998,0.26458436,0.08950372,0.15198672,0.009319302,0.23180854,0.03187351,0.056341648,0.015503508,0.121880725
783,6.0,7,0.10494945,0.15508193,0.0047117434,0.08015611,0.0030092453,0.018115962,0.25214157,0.31200066,0.0021938551,0.06763941
784,0.0,2,0.032218322,0.059462816,0.40036225,0.17835425,0.014256887,0.22230081,0.0090281125,0.012471996,0.049223308,0.022321237
785,9.0,9,0.021670468,0.31083202,0.009924762,0.07004655,0.005483319,0.069114365,0.02442683,0.13339648,0.0061735096,0.34893173
786,2.0,2,0.017349243,0.02135452,0.7620324,0.07268639,0.0042737336,0.07721305,0.002294865,0.0035031466,0.032453008,0.0068396633
787,8.0,8,0.013576808,0.0057980856,0.08645646,0.010372486,0.011322816,0.022945788,0.002636763,0.0031940013,0.8389872,0.0047096363
788,2.0,2,0.18923618,0.0883142,0.3040446,0.012270705,0.07024471,0.047630537,0.0134234205,0.1668592,0.022891087,0.08508537
789,5.0,1,0.01799571,0.27282265,0.017610691,0.1902406,0.005823157,0.24052623,0.064123385,0.055804845,0.0063117575,0.12874098
790,7.0,2,0.028496332,0.031011673,0.47699577,0.061391734,0.0256735,0.078111574,0.006825765,0.014385838,0.25505057,0.022057258
791,6.0,6,0.04846314,0.07227197,0.0018308653,0.105763346,0.0027575686,0.029018993,0.6326077,0.06454422,0.001828024,0.0409142
792,1.0,2,0.10025155,0.06373239,0.5353134,0.06971509,0.0072966875,0.12969793,0.010121887,0.0061434126,0.063711695,0.014015855
793,3.0,9,0.025202967,0.2754315,0.012889062,0.16788182,0.0037157668,0.15448819,0.03149525,0.039531365,0.004445744,0.28491837
794,4.0,9,0.15155886,0.12406007,0.01624472,0.0052336827,0.08856909,0.052121915,0.007351396,0.19803108,0.0016483511,0.35518077
795,8.0,8,0.0075805476,0.0019418179,0.029479258,0.0052418387,0.0061899223,0.006374978,0.0015079625,0.001410207,0.9388604,0.0014131141
796,5.0,7,0.21046239,0.038616605,0.008394742,0.0044606696,0.021128476,0.012750512,0.009674871,0.64730036,0.0014656029,0.045745842
797,2.0,2,0.19272138,0.10632868,0.30984738,0.016751995,0.04895603,0.0929171,0.02015824,0.11246078,0.020151678,0.079706736
798,6.0,6,0.035288904,0.08674623,0.0026728122,0.15138836,0.0026325565,0.025959581,0.54663295,0.08880624,0.0023684523,0.05750395
799,4.0,7,0.05667919,0.011848251,0.00960184,0.0011954372,0.1098136,0.0029921394,0.006541909,0.7842274,0.002430489,0.014669756
800,4.0,4,0.0081876945,0.015798157,0.006380756,0.00043255175,0.89414614,0.011661997,0.0017832996,0.024388168,0.0016393914,0.03558179
801,2.0,2,0.30113095,0.1240368,0.4015469,0.012286898,0.01900623,0.047104243,0.00426118,0.055536743,0.0055884924,0.029501583
802,2.0,8,0.009293248,0.0031452836,0.0677346,0.009118395,0.0033593553,0.011721641,0.0020007326,0.0015590915,0.89094406,0.0011235216
803,4.0,4,0.007178697,0.015615697,0.0065802936,0.0007333525,0.89585626,0.016783677,0.0020198966,0.01758887,0.0019289361,0.035714395
804,7.0,2,0.25256667,0.105538,0.30583215,0.05069223,0.034248415,0.114471994,0.01221472,0.095600136,0.0074238335,0.021411827
805,2.0,7,0.19187991,0.22397378,0.13046275,0.015175097,0.0265723,0.05998466,0.005048067,0.25191388,0.0027565046,0.092233114
806,1.0,3,0.031062223,0.22192404,0.0056563574,0.4841421,0.0015508939,0.058043424,0.07678727,0.043986246,0.0017606751,0.07508669
807,1.0,0,0.6947768,0.054633386,0.10312377,0.026459532,0.007694688,0.041539572,0.012309311,0.025134606,0.015334976,0.018993365
808,9.0,7,0.13642947,0.058928728,0.0043946537,0.010406242,0.0051562283,0.005922463,0.030471224,0.6999532,0.002217734,0.046120077
809,5.0,5,0.09939672,0.20299299,0.086993895,0.1792466,0.021559272,0.21089067,0.062083233,0.03449716,0.00895909,0.093380325
810,1.0,9,0.07324968,0.24468689,0.048942667,0.022010984,0.04284142,0.23607989,0.017027482,0.06571484,0.0038342916,0.24561192
811,3.0,3,0.012651995,0.09313806,0.0037654147,0.730653,0.0011237174,0.031007338,0.06052918,0.01743666,0.001923094,0.047771588
812,8.0,8,0.0037634794,0.0012322306,0.01976783,0.0028971147,0.0036013764,0.0055711824,0.00084042765,0.00085811253,0.96062315,0.0008451818
813,2.0,8,0.005729891,0.0019154028,0.037457258,0.0038888173,0.0067433887,0.0062846215,0.0014113163,0.0013711809,0.93408775,0.001110378
814,7.0,7,0.037265487,0.15037386,0.012493162,0.065090075,0.004151225,0.021734864,0.1944414,0.34883288,0.006865514,0.15875153
815,0.0,0,0.28396648,0.12156347,0.13576065,0.06373559,0.026780978,0.16083902,0.08358842,0.04345055,0.031817578,0.048497293
816,7.0,9,0.094241284,0.09992223,0.06620325,0.0076938746,0.20440675,0.09966869,0.013008984,0.112361796,0.011680795,0.29081234
817,1.0,5,0.014426153,0.20567068,0.02567113,0.32162473,0.0034577167,0.32797393,0.020587686,0.01583856,0.0032805775,0.0614689
818,7.0,9,0.051289156,0.12942246,0.013395227,0.041019384,0.011409031,0.06272488,0.0459829,0.2488675,0.012842715,0.38304663
819,6.0,6,0.023828475,0.024913559,0.0012470335,0.044705674,0.0018260028,0.013574273,0.7995157,0.06537161,0.002407565,0.022610096
820,1.0,2,0.06740078,0.08759619,0.33875835,0.13074972,0.013198013,0.14267926,0.05946593,0.04637976,0.07388359,0.039888375
821,1.0,1,0.016393352,0.28863296,0.012907115,0.1156213,0.0053785867,0.17717752,0.052194104,0.0717693,0.004295857,0.25562996
822,6.0,6,0.017069116,0.01989787,0.0009974645,0.038661063,0.0009669127,0.011710026,0.84913677,0.040616818,0.0013687797,0.019575141
823,8.0,8,0.0041141775,0.0010780386,0.021002177,0.0028719127,0.00362572,0.00423165,0.0009575297,0.0007778925,0.96068454,0.0006563922
824,9.0,1,0.017931204,0.330718,0.009009484,0.11136801,0.0059302077,0.13144222,0.02811806,0.059933327,0.0042241705,0.30132535
825,3.0,2,0.057238568,0.055516805,0.4680979,0.071198896,0.017709885,0.1760817,0.0069235857,0.013993352,0.10462314,0.028616123
826,1.0,0,0.23922908,0.22048354,0.10913754,0.008381936,0.065481685,0.1414438,0.005125462,0.044588648,0.0042511444,0.16187724
827,8.0,8,0.026968889,0.017117864,0.1220836,0.02974781,0.09841927,0.078880645,0.011179192,0.0124211125,0.58517325,0.018008359
828,3.0,3,0.03700702,0.1290279,0.002903056,0.393817,0.001906768,0.025139915,0.27207637,0.06107723,0.0022934596,0.074751295
829,6.0,6,0.079071976,0.085543804,0.006961607,0.33140585,0.002457686,0.04750189,0.3854437,0.033509374,0.0039726254,0.024131598
830,7.0,4,0.038846027,0.04643323,0.055159178,0.0047939112,0.5526914,0.07733436,0.0071713114,0.09790448,0.0058425493,0.113823555
831,0.0,7,0.29626307,0.01129113,0.00818362,0.0018283543,0.07011126,0.0056218375,0.0043504965,0.5887855,0.0022544048,0.0113103045
832,3.0,3,0.1723187,0.15779586,0.21178289,0.23425663,0.008326027,0.07103905,0.07226603,0.025177635,0.01630202,0.030735185
833,6.0,1,0.03957268,0.3292761,0.008249692,0.2040394,0.0030069237,0.046364848,0.049328055,0.08426509,0.0027168011,0.23318042
834,5.0,5,0.040106136,0.07387204,0.27150393,0.124750964,0.011080348,0.4158214,0.009428125,0.0059944442,0.020869577,0.026572993
835,9.0,1,0.052544657,0.288627,0.010426739,0.123301245,0.0041887406,0.03683796,0.090061605,0.14111303,0.0043372093,0.24856174
836,4.0,7,0.17940868,0.035681095,0.14505076,0.02113154,0.17847449,0.049709383,0.027326874,0.18329057,0.15147422,0.028452367
837,2.0,2,0.017093197,0.021472514,0.6506504,0.04368312,0.01130415,0.0820982,0.0051654144,0.0062728734,0.15519759,0.007062527
838,2.0,8,0.076794155,0.028465161,0.22260436,0.013819343,0.06343538,0.04689387,0.013260699,0.030638546,0.47978732,0.024301184
839,0.0,7,0.19685148,0.049121365,0.015979255,0.007096987,0.022381999,0.012829197,0.007119853,0.6551499,0.0013861898,0.032083772
840,2.0,2,0.052104805,0.07425026,0.3257253,0.106172934,0.02061613,0.09835079,0.0141182775,0.03853837,0.18798614,0.08213701
841,7.0,2,0.19083299,0.102719836,0.31629106,0.0144726485,0.033121165,0.06733813,0.0056942436,0.2139438,0.0066105505,0.04897561
842,5.0,5,0.059343003,0.09154221,0.25393218,0.033348024,0.060339276,0.38896346,0.011450106,0.01761516,0.023259962,0.060206577
843,1.0,4,0.13674377,0.12450851,0.09280636,0.0042585786,0.27525336,0.120501816,0.0038244983,0.13622336,0.0036914975,0.102188274
844,3.0,3,0.008700919,0.08561308,0.0040219924,0.76388747,0.0009601858,0.032404233,0.049445044,0.011649826,0.0015286959,0.041788597
845,1.0,9,0.07317058,0.18995832,0.054377742,0.0051652365,0.109600715,0.088287205,0.0054034763,0.06401239,0.0034297125,0.40659457
846,9.0,9,0.036243238,0.23011404,0.0061932188,0.22450078,0.00433774,0.035305016,0.06676404,0.0643401,0.004269372,0.32793248
847,2.0,2,0.06447055,0.1187375,0.4746018,0.056524433,0.028524704,0.118444145,0.019828295,0.040668223,0.029172882,0.049027495
848,2.0,2,0.03325894,0.045422547,0.57640207,0.21100004,0.002454575,0.0924924,0.004054323,0.0040301755,0.019118592,0.011766392
849,6.0,6,0.008106254,0.029335856,0.00094082847,0.06982355,0.00074461295,0.005685776,0.83716017,0.036441356,0.0012752569,0.0104863355
850,2.0,2,0.04383946,0.03725858,0.61438006,0.13786219,0.007218319,0.09732353,0.0057828748,0.009072898,0.03198877,0.015273304
851,8.0,8,0.0073078712,0.0029291664,0.039385837,0.00535255,0.017939491,0.009536235,0.00222903,0.0023074884,0.91087604,0.0021363534
852,8.0,8,0.004331655,0.0016139599,0.05564518,0.007493731,0.0021082442,0.00634804,0.0013591268,0.00078107876,0.91980803,0.0005109905
853,7.0,7,0.036436573,0.07077843,0.00841228,0.03030615,0.008181935,0.037169144,0.32516187,0.34829864,0.007173948,0.12808108
854,3.0,3,0.04268422,0.13096601,0.037110444,0.4911841,0.0041538663,0.11848123,0.021206735,0.014584037,0.0068726847,0.13275659
855,9.0,5,0.14963488,0.18030326,0.094387665,0.01377917,0.081552766,0.18409787,0.018007968,0.10850691,0.007263713,0.16246583
856,6.0,6,0.015065147,0.12387088,0.0027467236,0.30954537,0.0015362313,0.018057063,0.40735766,0.057417564,0.0025882388,0.06181505
857,4.0,4,0.011046747,0.00993982,0.0060476875,0.0003182865,0.9137369,0.009381835,0.0009494326,0.025672909,0.0011049571,0.021801544
858,5.0,3,0.033482794,0.074060954,0.057664104,0.43034592,0.002890487,0.3709522,0.007375358,0.0047229193,0.0027061529,0.015799133
859,5.0,5,0.03842874,0.08798157,0.20598473,0.07454417,0.024125272,0.35897425,0.014068986,0.017275106,0.11764212,0.060975052
860,3.0,3,0.085763566,0.13228741,0.07400511,0.34686854,0.0045691687,0.30005863,0.018506533,0.013093562,0.0030138644,0.021833684
861,5.0,5,0.030442208,0.049753312,0.15843903,0.17858057,0.008364004,0.53923076,0.009365436,0.0061657038,0.0056599244,0.013999026
862,0.0,0,0.34288535,0.18835233,0.12174715,0.036827438,0.017065397,0.061781812,0.018341541,0.10893922,0.009856064,0.094203755
863,2.0,2,0.017083302,0.02196109,0.6593735,0.04461837,0.011430825,0.08528976,0.005100844,0.006356579,0.14143534,0.0073503978
864,9.0,6,0.020117361,0.019037152,0.0015072229,0.030375369,0.0013683066,0.008768938,0.8415904,0.058326732,0.002293241,0.016615283
865,7.0,7,0.1724347,0.02947854,0.0061118198,0.0059029073,0.005776024,0.0038960471,0.038802177,0.6821616,0.00407745,0.05135864
866,1.0,5,0.02364254,0.09033433,0.0662425,0.07914187,0.035596676,0.63679034,0.015065097,0.010975293,0.004320711,0.037890695
867,0.0,4,0.24700916,0.08067263,0.020597184,0.0048361593,0.3012677,0.0818607,0.009607416,0.17544684,0.004209718,0.07449244
868,6.0,6,0.017879961,0.02156041,0.0019217229,0.029007528,0.0011982606,0.011383367,0.83341724,0.065282784,0.001500528,0.01684813
869,3.0,7,0.10379575,0.12589468,0.11364129,0.11103986,0.020911925,0.061829526,0.0917771,0.2159016,0.024465276,0.13074306
870,4.0,0,0.6851456,0.05971864,0.042702034,0.00697031,0.015375764,0.01537906,0.011535724,0.1219592,0.013394047,0.027819533
871,9.0,1,0.037656814,0.3279198,0.010800553,0.2659787,0.0028666009,0.0400445,0.04338729,0.06501855,0.0024430128,0.20388417
872,2.0,2,0.023129923,0.013705162,0.5703831,0.045734275,0.013399268,0.034284774,0.0052333656,0.006752547,0.28224185,0.005135776
873,8.0,8,0.0068165613,0.0030433785,0.051722854,0.0073715607,0.00998558,0.009006515,0.0019757499,0.0021792806,0.90608907,0.0018094073
874,8.0,8,0.018484354,0.0038276701,0.05600526,0.007828824,0.009680242,0.00895332,0.0031135194,0.004379041,0.884664,0.0030637935
875,5.0,5,0.026033022,0.11017455,0.038588997,0.05765195,0.03411953,0.5251145,0.04353355,0.03152954,0.011338374,0.12191606
876,8.0,8,0.006462114,0.0027421182,0.060813203,0.008294351,0.0121974535,0.008346685,0.0019096938,0.0018387926,0.89540297,0.001992662
877,7.0,0,0.50359917,0.07124832,0.015618186,0.03404315,0.014905404,0.033437856,0.028083356,0.1454136,0.015144135,0.13850684
878,7.0,7,0.035952833,0.21915863,0.06496706,0.077464566,0.011067498,0.07879871,0.0438843,0.23758927,0.014328391,0.21678874
879,5.0,6,0.03314666,0.07701072,0.0047893026,0.09657017,0.0023018334,0.036265776,0.58048224,0.099590555,0.0038366248,0.066006124
880,2.0,2,0.19337957,0.1097988,0.4445843,0.017872369,0.026616378,0.12125499,0.005522941,0.032098003,0.01272247,0.03615022
881,3.0,3,0.016867839,0.09567599,0.003073603,0.6377813,0.0012365074,0.03163976,0.111849815,0.029799823,0.0018977916,0.07017756
882,8.0,7,0.117343895,0.08992213,0.101623245,0.10380693,0.019442618,0.1353315,0.07771308,0.14114776,0.10780829,0.1058606
883,8.0,8,0.0033942573,0.0013324041,0.037162803,0.0031415483,0.004240977,0.00523097,0.0008313549,0.000942337,0.9428606,0.0008627295
884,2.0,2,0.16388503,0.048581243,0.6653968,0.018349066,0.017354362,0.03387132,0.0038933142,0.02656602,0.013437558,0.008665265
885,5.0,1,0.06746876,0.29983383,0.1252543,0.1966837,0.0053820647,0.10968967,0.032709524,0.049872894,0.007825228,0.10528001
886,3.0,6,0.01646304,0.124107115,0.005439298,0.18739052,0.0017424303,0.091581486,0.49032295,0.05140273,0.0017645211,0.029786011
887,0.0,0,0.4802805,0.077702835,0.14678337,0.012140923,0.010589055,0.0225123,0.0077362754,0.20013632,0.0059677833,0.036150664
888,1.0,6,0.01658968,0.08091319,0.004840993,0.04272242,0.002756863,0.030339945,0.6326461,0.1193957,0.003149139,0.06664602
889,0.0,0,0.34205136,0.1885176,0.17005448,0.02701011,0.014730194,0.043560304,0.006836843,0.090696715,0.0062080105,0.1103344
890,7.0,7,0.1771682,0.037790466,0.038208205,0.012319213,0.06658639,0.025213694,0.03035692,0.55016994,0.009245868,0.052941058
891,0.0,0,0.23295784,0.18788634,0.07199172,0.01045147,0.053616956,0.124626994,0.011473358,0.21392743,0.0038309027,0.08923698
892,4.0,4,0.006686246,0.0076665315,0.007160438,0.0003461038,0.9332758,0.00740383,0.0010018399,0.01863472,0.0014738486,0.016350595
893,4.0,7,0.080839135,0.027792377,0.03692999,0.0029256209,0.31841603,0.019772932,0.008727358,0.47039217,0.004344972,0.029859481
894,9.0,0,0.30354744,0.19708419,0.2219355,0.025138868,0.022296606,0.09530377,0.014996917,0.042216487,0.008898125,0.06858207
895,6.0,3,0.13407595,0.12934315,0.0056901434,0.30585438,0.0034317696,0.025766792,0.16641568,0.16452985,0.0030291555,0.061863124
896,3.0,2,0.02111026,0.016422436,0.5449529,0.028457867,0.02049633,0.06461243,0.0034322746,0.0050044185,0.29121873,0.004292324
897,0.0,2,0.23922972,0.18050052,0.31619614,0.06092847,0.009585119,0.09182083,0.008287662,0.02984111,0.012451588,0.051158816
898,3.0,1,0.034028765,0.3274622,0.014819387,0.17484601,0.005202279,0.04392434,0.04569794,0.09116111,0.0051130652,0.25774494
899,0.0,3,0.04273828,0.13314241,0.032143265,0.39442044,0.003911663,0.27647236,0.028225906,0.018540382,0.006312517,0.06409279
900,5.0,9,0.034649484,0.2127867,0.010801653,0.1106773,0.008700455,0.19499154,0.071349256,0.07352882,0.006968171,0.27554658
901,4.0,4,0.05042041,0.04252391,0.13555941,0.002392021,0.56678027,0.018937476,0.006156347,0.11763843,0.015786294,0.043805413
902,5.0,1,0.015284493,0.3395303,0.011387354,0.1219049,0.006687141,0.1738274,0.04155677,0.045537848,0.0040514446,0.24023235
903,6.0,6,0.0084842965,0.028092837,0.0017879667,0.035654046,0.00079534895,0.009295614,0.84936154,0.050698686,0.001439153,0.014390419
904,0.0,0,0.3868105,0.1465377,0.18086492,0.016191453,0.024871916,0.06737484,0.007146716,0.087068684,0.01306726,0.07006605
905,1.0,1,0.02950426,0.45526648,0.017349476,0.12869237,0.0026612626,0.073545866,0.022171896,0.033370245,0.0034454195,0.23399277
906,6.0,6,0.0061752037,0.013554855,0.00088318606,0.019069284,0.00054339285,0.005804249,0.9107931,0.03209756,0.0007969739,0.010282215
907,5.0,5,0.017435174,0.25228974,0.036297232,0.13368641,0.0069822646,0.39978006,0.014573539,0.020326799,0.0058103697,0.11281839
908,1.0,2,0.21952912,0.14249133,0.40992978,0.021806281,0.029134795,0.07501731,0.00422727,0.052857574,0.008414518,0.036592044
909,7.0,7,0.22485958,0.09964921,0.022204848,0.016698588,0.026463574,0.05077885,0.034953337,0.36003327,0.006640871,0.15771785
910,2.0,2,0.027625099,0.024332987,0.7305381,0.09537638,0.0029747155,0.07093807,0.0029594551,0.0033046436,0.032642633,0.009307922
911,4.0,4,0.0053900685,0.0142305335,0.0059341723,0.000517622,0.8965547,0.0168207,0.002578507,0.023397593,0.001970496,0.032605562
912,2.0,2,0.01814652,0.017008433,0.6153456,0.04129785,0.011765091,0.03354096,0.005783432,0.009150478,0.23951003,0.008451639
913,1.0,7,0.03750573,0.20341069,0.021561582,0.0566867,0.0055299453,0.02660656,0.05014328,0.30734548,0.0077401116,0.28346997
914,7.0,3,0.038118258,0.18646555,0.005100471,0.27186394,0.0031636416,0.037882857,0.16802603,0.14729646,0.003017605,0.1390652
915,1.0,1,0.01952725,0.34474474,0.01049505,0.180544,0.0042352327,0.059815824,0.0270723,0.04088649,0.0067128777,0.30596623
916,9.0,2,0.16060051,0.16986062,0.2678844,0.030608896,0.03172043,0.115823425,0.029324219,0.11349581,0.013129766,0.06755198
917,2.0,1,0.18080343,0.23289718,0.11277896,0.03144259,0.04241993,0.18502575,0.0109098945,0.049755923,0.008056888,0.14590941
918,3.0,3,0.03505012,0.0435611,0.12409415,0.6100592,0.0034647644,0.15177861,0.006416763,0.003023496,0.004570276,0.017981444
919,1.0,3,0.020611297,0.28094453,0.01224645,0.36053753,0.0029395276,0.06316581,0.041263822,0.051845405,0.0029546851,0.16349094
920,1.0,7,0.19144775,0.26397216,0.032334924,0.024549097,0.0070124585,0.027962571,0.018563181,0.30771863,0.004052835,0.12238643
921,2.0,5,0.031029299,0.050690558,0.30111697,0.16237423,0.009936285,0.38416636,0.0056454255,0.0028881982,0.03992107,0.0122316275
922,8.0,8,0.01706179,0.014712679,0.21466501,0.04889312,0.009553461,0.057193022,0.005868902,0.006471514,0.6181157,0.0074647814
923,9.0,9,0.02315652,0.3020971,0.00790614,0.09886437,0.0050063645,0.08827622,0.028597683,0.06599134,0.003342268,0.37676203
924,1.0,0,0.32532582,0.3060297,0.07581109,0.02506022,0.0108553115,0.07311038,0.0072394954,0.06053673,0.0050570136,0.11097427
925,9.0,9,0.11080729,0.21906115,0.06592384,0.009281601,0.0741674,0.14949271,0.0048136045,0.039260603,0.0031520464,0.32403982
926,6.0,6,0.03789306,0.10258522,0.004985654,0.19213061,0.0017360954,0.027179811,0.51565063,0.077074006,0.0029279797,0.037836827
927,5.0,0,0.35226846,0.17929026,0.25913954,0.033712793,0.007687432,0.06497596,0.012007227,0.03349912,0.010595604,0.046823584
928,2.0,2,0.079240225,0.06690333,0.5090203,0.16624482,0.004235813,0.10799129,0.009050061,0.004295551,0.032927115,0.020091524
929,4.0,4,0.008144123,0.0156467,0.0072464338,0.0006072534,0.8737859,0.010053039,0.0020272736,0.04794511,0.0020137709,0.0325304
930,9.0,1,0.018258804,0.32643113,0.021235079,0.19168605,0.004821671,0.20178314,0.018644549,0.027876075,0.003318247,0.18594514
931,4.0,4,0.05480589,0.105022125,0.04293893,0.0031216072,0.36711875,0.03931806,0.004837485,0.2690627,0.0022426497,0.11153178
932,5.0,3,0.04043372,0.26644698,0.007120297,0.27875826,0.0031359035,0.06169182,0.1173749,0.064482115,0.002686603,0.15786941
933,9.0,9,0.19311215,0.20003295,0.043535266,0.010170424,0.086297445,0.16576076,0.008706876,0.059073377,0.0028493695,0.23046143
934,4.0,5,0.2188199,0.22954349,0.01972997,0.061550383,0.022690037,0.24359271,0.026651487,0.10374393,0.002342361,0.07133584
935,0.0,0,0.7091496,0.030040113,0.008785511,0.017947884,0.01306819,0.021927286,0.057532948,0.08166397,0.01728237,0.04260216
936,4.0,4,0.0118937,0.018635789,0.010918957,0.00074260484,0.88567424,0.01810344,0.0019146943,0.022209827,0.0018374056,0.02806941
937,1.0,5,0.20038727,0.20673025,0.032200858,0.12492465,0.008526355,0.27939957,0.023014378,0.035665657,0.0055592665,0.08359179
938,3.0,3,0.07334223,0.15490219,0.08917534,0.28858557,0.008682104,0.22737043,0.09737825,0.021554574,0.0084350975,0.03057417
939,3.0,8,0.030772913,0.04502943,0.23946951,0.055742577,0.04587408,0.1307089,0.011813869,0.021303501,0.36561775,0.053667434
940,4.0,4,0.018889802,0.0129652815,0.012692704,0.00085041125,0.8313107,0.01251665,0.003446819,0.07056096,0.0049434504,0.031823266
941,3.0,3,0.017972816,0.14014505,0.004080398,0.65984136,0.0010122227,0.03718378,0.025131682,0.013941288,0.0010703399,0.099621095
942,2.0,2,0.03604607,0.036727246,0.37804958,0.16998121,0.005460714,0.22137095,0.0058280425,0.002520203,0.13465635,0.0093596205
943,8.0,8,0.005284386,0.0018359338,0.03945525,0.0047588698,0.0037195378,0.0065866495,0.00123271,0.001359271,0.9348554,0.0009119401
944,5.0,5,0.024532706,0.04606428,0.25135508,0.24981813,0.006536803,0.357334,0.005898659,0.004659107,0.036820505,0.016980717
945,9.0,4,0.078136705,0.082788035,0.0570568,0.0045434195,0.46046764,0.057837073,0.0061051287,0.11680669,0.0049750544,0.13128346
946,1.0,1,0.062182534,0.2127449,0.013791129,0.2082917,0.0059137163,0.09299949,0.09434328,0.10949043,0.0028143548,0.1974285
947,3.0,1,0.018806841,0.31203458,0.0075112726,0.16821054,0.0039347913,0.15740596,0.020503156,0.049122144,0.0021805335,0.26029018
948,5.0,5,0.18574432,0.16014376,0.15456706,0.087544456,0.018823279,0.29174525,0.013489384,0.030545464,0.006035112,0.051361952
949,0.0,0,0.42285237,0.13241932,0.18644619,0.020464959,0.02115835,0.07566435,0.00669466,0.07077301,0.010480518,0.05304632
950,5.0,5,0.034231998,0.066276126,0.27318045,0.20567131,0.009719796,0.3687625,0.008232219,0.009691388,0.007309283,0.016925016
951,0.0,0,0.527559,0.13423562,0.055517163,0.021348562,0.010563428,0.026175583,0.037022866,0.106209114,0.016103763,0.0652649
952,5.0,9,0.10039695,0.20084408,0.043116268,0.01838337,0.08566175,0.09121551,0.01972182,0.10206276,0.009357176,0.32924038
953,3.0,3,0.019590583,0.12006198,0.028955717,0.62020725,0.0024386654,0.11494185,0.01494972,0.0126469545,0.0034040667,0.06280322
954,5.0,3,0.019384941,0.26768738,0.020852605,0.3144114,0.0029033879,0.14455245,0.023519069,0.060048565,0.0026438246,0.14399639
955,6.0,6,0.007476533,0.023883764,0.0009683143,0.035969447,0.0006684578,0.007202654,0.8703173,0.037703358,0.0010628186,0.014747349
956,2.0,2,0.11494761,0.14533086,0.2634878,0.17489515,0.010444221,0.22855298,0.01222762,0.011863968,0.004282647,0.0339672
957,3.0,3,0.015370413,0.032704048,0.02774474,0.8480002,0.00065539585,0.054166928,0.0053612436,0.0014406121,0.004528403,0.010027959
958,8.0,8,0.0044910316,0.002220067,0.059795197,0.0055133794,0.005792568,0.004924866,0.0013807294,0.0010699596,0.9137103,0.0011019084
959,1.0,1,0.026695002,0.34813967,0.010582735,0.17865652,0.0029987798,0.05807742,0.10479013,0.10069865,0.00340493,0.16595614
960,8.0,8,0.005361564,0.0021363595,0.03564197,0.0043966016,0.008394015,0.008250086,0.0014723155,0.0013859844,0.9314386,0.0015224775
961,2.0,2,0.06010069,0.05159785,0.6157554,0.10562428,0.003928155,0.10543172,0.007146158,0.0035470312,0.040068902,0.006799764
962,9.0,3,0.029314352,0.13204427,0.06955411,0.45728007,0.0027305763,0.25163037,0.010703845,0.0064600264,0.003225788,0.037056603
963,7.0,7,0.17063133,0.028553365,0.017927757,0.0026354159,0.06528762,0.01212489,0.005768026,0.67501724,0.0018430304,0.020211292
964,4.0,4,0.05549388,0.06854382,0.07082175,0.007703902,0.32833108,0.15785213,0.0085390955,0.050608132,0.020937383,0.23116891
965,3.0,3,0.02370162,0.17387353,0.025372647,0.5810523,0.0017450696,0.053598084,0.01262887,0.011947493,0.00270318,0.11337727
966,6.0,6,0.021021007,0.017147742,0.0011700894,0.043067563,0.0010472093,0.007750498,0.85441184,0.040246036,0.0019448558,0.012193186
967,8.0,8,0.0026591723,0.0009472804,0.018204976,0.0024837428,0.0036732182,0.0036915396,0.0007445045,0.00062101474,0.96635777,0.00061678584
968,3.0,3,0.018085482,0.09498075,0.033023853,0.7321834,0.0015549617,0.044056986,0.0074566444,0.0060005686,0.002417134,0.06024035
969,7.0,0,0.28082794,0.1458958,0.12298681,0.017462159,0.06167876,0.059141792,0.0103198225,0.20696867,0.008380955,0.08633738
970,0.0,0,0.3204127,0.19753009,0.25168443,0.022272447,0.022371322,0.06629763,0.01423765,0.035967242,0.012140485,0.057086032
971,9.0,9,0.092746906,0.17024033,0.06047073,0.011379257,0.07732035,0.11978696,0.0062374864,0.08055934,0.005687808,0.37557083
972,1.0,1,0.012632264,0.34230432,0.025818467,0.065448865,0.010486913,0.24146953,0.026860908,0.04396788,0.00924014,0.22177073
973,6.0,9,0.026894446,0.13950908,0.007729795,0.04601511,0.0076540783,0.055626746,0.13963357,0.1713922,0.005425034,0.40011996
974,0.0,9,0.07732753,0.19258845,0.039419062,0.09008871,0.010109867,0.085523434,0.10802867,0.17718007,0.009757704,0.20997645
975,1.0,9,0.024529666,0.24898225,0.0057893787,0.09034839,0.0048926496,0.19853368,0.035875928,0.056689903,0.0028765174,0.33148164
976,3.0,8,0.010306487,0.005816347,0.11083841,0.013169983,0.010552227,0.022792108,0.002666596,0.0030211364,0.8166896,0.0041470174
977,4.0,4,0.0047358572,0.006536577,0.0055386582,0.00022784734,0.943469,0.007696313,0.0008209889,0.013582091,0.0013299265,0.016062789
978,7.0,7,0.13970843,0.021874713,0.0057391874,0.0027980877,0.011863096,0.004753187,0.009638652,0.7819227,0.0016179169,0.020084137
979,2.0,0,0.46015808,0.15026705,0.16470444,0.041514628,0.009339744,0.07738535,0.008080883,0.019691596,0.014164173,0.054694075
980,9.0,4,0.033771995,0.1636637,0.016531385,0.0044102008,0.31563494,0.06877144,0.00631104,0.09253817,0.0017740899,0.29659304
981,9.0,9,0.06362578,0.18735431,0.026366118,0.0063410527,0.21867189,0.0940889,0.007175214,0.061063807,0.0026599225,0.33265302
982,5.0,2,0.061274115,0.106032714,0.3069714,0.2182224,0.008920702,0.1495844,0.011735366,0.0328726,0.03279343,0.071592875
983,7.0,4,0.009327283,0.015408088,0.011292279,0.00060540566,0.87381727,0.010195481,0.0020322585,0.042386718,0.002305847,0.0326293
984,1.0,9,0.025829894,0.26424858,0.00486838,0.14243604,0.005693686,0.08349271,0.087190054,0.056678105,0.0034700388,0.32609257
985,1.0,6,0.013627158,0.081374675,0.0016968561,0.14943545,0.0013795337,0.016803594,0.6392924,0.056024086,0.0017410157,0.0386252
986,1.0,9,0.026578682,0.26224676,0.008757239,0.09679696,0.005790274,0.25616747,0.025425445,0.044913318,0.0045397333,0.26878414
987,0.0,9,0.023692682,0.24338953,0.0139424335,0.09955057,0.008372401,0.20145628,0.03657312,0.058620494,0.0049098236,0.30949268
988,9.0,9,0.0716257,0.15728611,0.032308865,0.0069991187,0.15178762,0.16337407,0.0076750726,0.11325325,0.001861125,0.29382908
989,2.0,5,0.025889888,0.07351014,0.23953958,0.19725764,0.009645873,0.40545028,0.007723228,0.009344135,0.004674583,0.026964583
